177.699	-1.525
178.041	11.750
178.383	-0.825
178.725	-1.900
179.068	-2.875
179.410	0.068
179.752	0.516
180.094	-0.932
180.436	-1.059
180.779	-1.557
181.121	-1.284
181.463	-1.391
181.805	-1.339
182.147	-1.670
182.489	-1.473
182.832	-1.400
183.174	-0.773
183.516	-0.700
183.858	-0.214
184.200	0.270
184.542	0.932
184.884	0.939
185.226	1.186
185.568	1.359
185.910	2.105
186.252	1.902
186.594	1.345
186.937	0.675
187.279	-0.218
187.621	-0.114
187.963	-0.675
188.305	-0.984
188.647	-1.036
188.989	-1.520
189.330	-1.489
189.672	-2.343
190.014	-1.943
190.356	-1.895
190.698	-1.559
191.040	-1.293
191.382	-1.580
191.724	-0.918
192.066	-0.952
192.408	-0.905
192.750	-0.218
193.091	-0.234
193.433	0.277
193.775	-0.236
194.117	0.157
194.459	-0.159
194.801	0.305
195.142	0.284
195.484	-0.002
195.826	0.527
196.168	0.398
196.510	-0.280
196.851	-0.366
197.193	-0.332
197.535	0.043
197.877	0.164
198.218	0.368
198.560	-0.198
198.902	-0.268
199.243	-0.470
199.585	-0.948
199.927	-1.277
200.268	-0.798
200.610	-1.002
200.952	-0.848
201.293	-1.011
201.635	-1.248
201.977	-1.370
202.318	-1.180
202.660	-1.389
203.001	-1.100
203.343	-0.630
203.684	-0.598
204.026	-0.752
204.368	-0.614
204.709	-0.968
205.051	-0.875
205.392	-0.659
205.734	-0.361
206.075	-0.534
206.417	-0.007
206.758	-0.373
207.100	-0.448
207.441	0.025
207.783	0.052
208.124	-0.107
208.465	-0.291
208.807	-0.280
209.148	-0.748
209.490	-0.866
209.831	-0.248
210.173	-0.920
210.514	-0.491
210.855	-0.202
211.197	-0.180
211.538	-0.495
211.879	0.009
212.221	0.682
212.562	1.084
212.903	1.198
213.245	1.418
213.586	0.866
213.927	1.295
214.268	1.295
214.610	1.298
214.951	1.307
215.292	1.755
215.633	1.834
215.975	1.755
216.316	1.330
216.657	1.525
216.998	1.305
217.339	1.939
217.681	2.320
218.022	2.405
218.363	2.275
218.704	2.980
219.045	3.134
219.386	2.718
219.728	2.732
220.069	2.795
220.410	2.814
220.751	2.961
221.092	2.398
221.433	2.255
221.774	2.166
222.115	2.139
222.456	1.545
222.797	1.848
223.138	2.130
223.479	2.336
223.820	2.286
224.161	2.420
224.502	1.993
224.843	2.489
225.184	2.343
225.525	2.534
225.866	2.211
226.207	2.461
226.548	2.018
226.889	1.641
227.230	1.641
227.571	2.527
227.912	3.184
228.253	3.527
228.593	3.036
228.934	3.334
229.275	3.093
229.616	3.998
229.957	3.689
230.298	3.907
230.638	4.552
230.979	4.607
231.320	4.364
231.661	4.107
232.002	4.664
232.342	6.036
232.683	6.430
233.024	6.802
233.365	6.566
233.705	6.843
234.046	6.332
234.387	6.355
234.727	7.005
235.068	8.098
235.409	8.423
235.749	8.484
236.090	7.448
236.431	7.361
236.771	8.055
237.112	9.259
237.453	10.775
237.793	11.807
238.134	11.757
238.474	10.802
238.815	9.309
239.156	8.593
239.496	8.250
239.837	8.716
240.177	8.080
240.518	7.773
240.858	6.377
241.199	5.334
241.539	4.823
241.880	5.405
242.220	6.077
242.561	6.609
242.901	7.134
243.242	7.555
243.582	7.820
243.923	8.505
244.263	8.432
244.603	9.668
244.944	12.593
245.284	18.932
245.625	25.173
245.965	28.866
246.305	29.473
246.646	30.320
246.986	30.655
247.326	30.668
247.667	31.043
248.007	32.043
248.347	32.132
248.688	30.620
249.028	27.139
249.368	25.198
249.709	31.614
250.049	63.884
250.389	187.623
250.729	437.661
251.070	697.950
251.410	862.527
251.750	914.639
252.090	930.927
252.430	938.186
252.771	942.098
253.111	942.643
253.451	936.311
253.791	906.011
254.131	784.305
254.471	536.918
254.811	280.630
255.151	118.857
255.492	67.936
255.832	52.011
256.172	43.948
256.512	37.770
256.852	33.150
257.192	30.659
257.532	29.275
257.872	27.505
258.212	24.759
258.552	20.332
258.892	17.966
259.232	15.866
259.572	14.730
259.912	13.775
260.252	14.180
260.592	14.959
260.932	16.014
261.272	17.616
261.612	21.850
261.952	36.582
262.292	68.970
262.631	106.191
262.971	131.602
263.311	138.852
263.651	140.770
263.991	140.459
264.331	139.273
264.671	136.577
265.010	133.939
265.350	128.652
265.690	113.484
266.030	81.536
266.370	44.782
266.709	22.341
267.049	19.936
267.389	22.670
267.729	24.566
268.068	24.318
268.408	23.900
268.748	22.839
269.087	22.593
269.427	21.970
269.767	21.743
270.107	20.107
270.446	16.477
270.786	11.057
271.125	5.823
271.465	3.627
271.805	5.282
272.144	10.659
272.484	18.300
272.823	25.764
273.163	29.395
273.503	30.195
273.842	30.636
274.182	30.764
274.521	30.848
274.861	31.386
275.200	31.014
275.540	29.084
275.879	24.327
276.219	16.752
276.558	10.441
276.898	11.359
277.237	23.066
277.577	42.189
277.916	58.332
278.256	64.075
278.595	65.455
278.934	65.380
279.274	65.841
279.613	65.370
279.953	66.257
280.292	64.993
280.631	61.084
280.971	48.280
281.310	28.789
281.649	12.316
281.989	6.418
282.328	4.702
282.667	5.270
283.007	5.430
283.346	6.298
283.685	5.932
284.024	5.555
284.364	5.184
284.703	5.093
285.042	5.718
285.381	6.825
285.721	9.052
286.060	18.427
286.399	38.727
286.738	60.532
287.077	73.623
287.416	76.525
287.756	77.364
288.095	78.139
288.434	78.520
288.773	78.680
289.112	79.066
289.451	79.450
289.790	74.066
290.129	56.625
290.468	35.282
290.807	21.802
291.146	18.905
291.485	18.918
291.824	18.884
292.164	19.727
292.503	20.816
292.842	22.875
293.180	33.593
293.519	89.616
293.858	191.995
294.197	292.005
294.536	340.866
294.875	349.164
295.214	351.016
295.553	351.818
295.892	351.398
296.231	350.582
296.570	347.920
296.909	335.659
297.247	276.498
297.586	172.089
297.925	72.675
298.264	25.980
298.603	27.668
298.942	74.007
299.280	166.625
299.619	260.180
299.958	313.173
300.297	326.366
300.636	329.423
300.974	330.761
301.313	330.177
301.652	330.036
301.990	328.120
302.329	319.098
302.668	271.200
303.007	178.145
303.345	84.541
303.684	31.468
304.023	18.159
304.361	15.505
304.700	14.400
305.038	14.989
305.377	14.636
305.716	15.570
306.054	16.236
306.393	16.984
306.731	18.211
307.070	19.923
307.409	21.591
307.747	24.057
308.086	26.245
308.424	31.150
308.763	43.741
309.101	95.543
309.440	280.143
309.778	608.241
310.117	1088.652
310.455	1497.755
310.793	1762.077
311.132	1836.966
311.470	1851.230
311.809	1855.620
312.147	1854.989
312.486	1845.109
312.824	1795.498
313.162	1612.518
313.501	1284.905
313.839	804.809
314.177	395.348
314.516	130.643
314.854	54.414
315.192	38.539
315.531	31.930
315.869	28.102
316.207	25.527
316.545	23.714
316.884	21.377
317.222	20.484
317.560	19.857
317.898	18.950
318.237	17.898
318.575	18.093
318.913	17.273
319.251	17.086
319.589	16.793
319.928	16.100
320.266	15.116
320.604	15.123
320.942	14.461
321.280	13.845
321.618	13.591
321.956	13.677
322.294	13.198
322.633	12.957
322.971	12.989
323.309	13.041
323.647	12.741
323.985	12.423
324.323	12.477
324.661	12.436
324.999	12.786
325.337	13.298
325.675	12.798
326.013	12.807
326.351	12.957
326.689	12.964
327.027	12.607
327.365	13.475
327.702	14.405
328.040	14.391
328.378	14.709
328.716	14.955
329.054	14.416
329.392	14.732
329.730	14.855
330.068	15.705
330.405	16.468
330.743	21.718
331.081	42.927
331.419	73.682
331.757	101.143
332.094	110.875
332.432	113.711
332.770	115.568
333.108	117.005
333.445	118.086
333.783	118.816
334.121	119.532
334.459	116.084
334.796	96.125
335.134	65.820
335.472	39.082
335.809	29.682
336.147	26.580
336.485	25.273
336.822	24.439
337.160	23.170
337.498	21.950
337.835	19.957
338.173	18.002
338.510	16.225
338.848	15.725
339.185	14.459
339.523	13.664
339.861	13.918
340.198	13.755
340.536	13.382
340.873	12.945
341.211	12.591
341.548	12.316
341.886	12.373
342.223	12.261
342.561	11.486
342.898	12.055
343.235	12.309
343.573	11.789
343.910	11.184
344.248	10.523
344.585	10.702
344.922	11.016
345.260	11.407
345.597	11.120
345.935	11.009
346.272	11.584
346.609	11.327
346.946	11.300
347.284	11.127
347.621	11.070
347.958	10.452
348.296	10.248
348.633	9.598
348.970	9.468
349.307	9.616
349.645	9.632
349.982	9.345
350.319	9.598
350.656	9.236
350.993	9.177
351.331	9.214
351.668	9.975
352.005	9.802
352.342	10.239
352.679	10.045
353.016	10.657
353.353	10.582
353.691	10.275
354.028	9.868
354.365	9.893
354.702	9.882
355.039	9.773
355.376	9.464
355.713	9.495
356.050	9.911
356.387	10.614
356.724	10.757
357.061	11.027
357.398	11.284
357.735	11.848
358.072	12.657
358.409	13.616
358.746	14.968
359.083	16.705
359.420	17.914
359.757	20.068
360.093	22.550
360.430	25.611
360.767	31.105
361.104	43.814
361.441	86.064
361.778	275.941
362.115	666.968
362.451	1165.811
362.788	1569.582
363.125	1834.598
363.462	2022.550
363.799	2166.520
364.135	2246.009
364.472	2282.114
364.809	2302.264
365.146	2290.489
365.482	2128.882
365.819	1764.052
366.156	1287.395
366.492	901.209
366.829	650.195
367.166	472.143
367.502	334.789
367.839	258.132
368.176	220.789
368.512	191.311
368.849	162.573
369.185	134.411
369.522	108.184
369.859	85.627
370.195	66.989
370.532	52.027
370.868	39.386
371.205	29.668
371.541	22.855
371.878	18.034
372.214	14.445
372.551	11.791
372.887	10.507
373.224	8.982
373.560	7.873
373.897	7.102
374.233	7.155
374.570	7.686
374.906	7.691
375.242	7.866
375.579	7.980
375.915	8.125
376.252	8.416
376.588	8.984
376.924	9.575
377.261	9.489
377.597	9.589
377.933	8.950
378.270	8.470
378.606	8.127
378.942	7.784
379.278	7.795
379.615	7.189
379.951	6.539
380.287	5.702
380.623	5.193
380.960	4.939
381.296	4.498
381.632	4.298
381.968	3.730
382.304	3.550
382.641	3.195
382.977	2.636
383.313	2.573
383.649	2.548
383.985	2.893
384.321	3.020
384.657	3.107
384.993	3.070
385.329	2.664
385.666	2.461
386.002	2.273
386.338	2.773
386.674	3.427
387.010	4.405
387.346	6.970
387.682	11.114
388.018	14.725
388.354	16.620
388.690	16.793
389.026	16.966
389.361	17.298
389.697	17.714
390.033	17.709
390.369	17.236
390.705	17.002
391.041	14.727
391.377	10.168
391.713	6.514
392.049	4.757
392.384	4.439
392.720	5.223
393.056	5.225
393.392	4.786
393.728	4.698
394.063	5.105
394.399	4.339
394.735	4.400
395.071	5.025
395.406	5.777
395.742	6.611
396.078	7.986
396.414	7.984
396.749	8.361
397.085	9.209
397.421	10.123
397.756	11.005
398.092	12.909
398.428	14.293
398.763	15.570
399.099	16.905
399.434	18.477
399.770	21.091
400.106	25.784
400.441	33.630
400.777	53.327
401.112	139.682
401.448	582.905
401.783	1350.018
402.119	2067.268
402.454	2397.491
402.790	2464.309
403.125	2482.623
403.461	2489.241
403.796	2491.795
404.132	2491.561
404.467	2498.334
404.803	2466.886
405.138	2084.182
405.473	1354.043
405.809	645.573
406.144	317.636
406.480	250.793
406.815	231.591
407.150	222.759
407.486	216.291
407.821	209.464
408.156	184.089
408.492	129.391
408.827	68.418
409.162	29.984
409.497	20.243
409.833	16.511
410.168	14.666
410.503	13.420
410.838	12.002
411.174	10.793
411.509	9.914
411.844	7.955
412.179	7.393
412.514	7.127
412.849	7.470
413.185	6.780
413.520	6.625
413.855	6.257
414.190	6.193
414.525	6.230
414.860	6.905
415.195	6.293
415.530	6.827
415.865	6.043
416.200	5.325
416.535	4.330
416.870	4.114
417.205	4.086
417.540	4.457
417.875	3.820
418.210	3.602
418.545	3.011
418.880	3.032
419.215	2.527
419.550	2.480
419.885	3.325
420.220	3.909
420.555	3.989
420.890	4.295
421.225	4.102
421.560	5.111
421.894	5.630
422.229	6.045
422.564	6.743
422.899	7.577
423.234	8.232
423.568	7.825
423.903	7.695
424.238	8.336
424.573	8.341
424.907	8.698
425.242	9.041
425.577	9.105
425.912	9.143
426.246	9.441
426.581	9.414
426.916	9.466
427.250	10.459
427.585	11.943
427.920	12.857
428.254	14.259
428.589	15.855
428.924	17.152
429.258	20.077
429.593	22.755
429.927	25.784
430.262	29.359
430.596	37.439
430.931	51.034
431.266	70.080
431.600	106.134
431.934	165.923
432.269	335.445
432.603	1178.593
432.938	2287.957
433.272	3398.323
433.607	4170.218
433.941	4491.664
434.276	4558.268
434.610	4563.577
434.944	4555.307
435.279	4526.286
435.613	4471.632
435.948	4305.934
436.282	3465.464
436.616	2356.473
436.951	1246.461
437.285	473.843
437.619	151.093
437.954	77.809
438.288	59.798
438.622	49.323
438.956	42.607
439.291	37.055
439.625	32.332
439.959	28.384
440.293	26.186
440.628	23.582
440.962	21.580
441.296	19.411
441.630	17.834
441.964	15.907
442.298	14.268
442.633	13.152
442.967	12.780
443.301	11.652
443.635	11.084
443.969	9.457
444.303	8.964
444.637	7.670
444.971	7.125
445.305	6.486
445.639	6.452
445.973	6.268
446.307	5.827
446.641	5.023
446.975	5.289
447.309	4.875
447.643	5.507
447.977	5.211
448.311	5.107
448.645	5.155
448.979	5.200
449.313	4.825
449.647	4.777
449.981	4.707
450.314	4.193
450.648	3.850
450.982	3.866
451.316	2.916
451.650	2.323
451.984	2.393
452.317	2.034
452.651	1.875
452.985	1.534
453.319	1.132
453.652	1.275
453.986	1.650
454.320	1.805
454.654	1.632
454.987	2.005
455.321	3.257
455.655	3.748
455.988	3.559
456.322	3.909
456.656	4.016
456.989	4.575
457.323	4.114
457.657	3.952
457.990	3.520
458.324	3.507
458.657	3.448
458.991	2.507
459.324	2.189
459.658	2.661
459.991	2.455
460.325	3.098
460.658	2.968
460.992	2.793
461.326	2.850
461.659	3.339
461.992	2.900
462.326	2.943
462.659	2.732
462.993	2.514
463.326	2.316
463.659	2.427
463.993	1.716
464.326	1.650
464.660	1.375
464.993	1.361
465.326	1.107
465.660	1.264
465.993	0.989
466.326	0.775
466.660	0.930
466.993	0.589
467.326	0.850
467.659	1.498
467.993	1.064
468.326	1.291
468.659	1.273
468.992	1.491
469.325	1.614
469.659	2.155
469.992	2.845
470.325	3.020
470.658	3.157
470.991	2.893
471.324	2.286
471.657	2.655
471.991	2.700
472.324	2.652
472.657	2.464
472.990	2.836
473.323	2.934
473.656	2.684
473.989	2.405
474.322	2.684
474.655	2.177
474.988	2.134
475.321	1.873
475.654	2.270
475.987	2.155
476.320	2.011
476.653	1.925
476.986	1.698
477.319	1.761
477.652	1.791
477.984	1.300
478.317	1.559
478.650	1.332
478.983	2.250
479.316	1.573
479.649	1.518
479.981	1.380
480.314	1.352
480.647	0.980
480.980	1.095
481.313	1.152
481.645	1.566
481.978	1.000
482.311	1.595
482.644	0.882
482.976	1.464
483.309	1.973
483.642	2.127
483.974	2.030
484.307	2.400
484.640	2.098
484.972	2.282
485.305	2.373
485.637	3.495
485.970	3.525
486.303	3.516
486.635	3.502
486.968	3.280
487.300	3.209
487.633	3.918
487.965	3.868
488.298	8.727
488.630	20.193
488.963	32.570
489.295	39.484
489.628	41.055
489.960	41.841
490.293	42.198
490.625	42.143
490.958	42.561
491.290	42.027
491.622	42.175
491.955	37.709
492.287	26.750
492.620	14.907
492.952	8.382
493.284	7.314
493.617	7.659
493.949	7.955
494.281	8.134
494.613	7.909
494.946	8.009
495.278	7.505
495.610	7.530
495.943	7.873
496.275	7.668
496.607	6.495
496.939	6.182
497.271	4.673
497.604	4.370
497.936	4.468
498.268	4.505
498.600	4.268
498.932	4.880
499.264	4.814
499.596	4.411
499.928	4.016
500.260	4.789
500.593	4.475
500.925	4.018
501.257	4.420
501.589	5.359
501.921	5.093
502.253	5.475
502.585	5.027
502.917	4.555
503.249	4.507
503.581	4.402
503.913	3.950
504.245	3.766
504.576	5.048
504.908	4.736
505.240	3.139
505.572	3.170
505.904	3.036
506.236	3.182
506.568	3.520
506.900	3.227
507.231	3.202
507.563	3.459
507.895	4.007
508.227	3.555
508.559	3.198
508.890	3.923
509.222	4.695
509.554	4.789
509.886	5.043
510.217	4.782
510.549	4.375
510.881	4.836
511.212	4.298
511.544	4.193
511.876	4.366
512.207	4.211
512.539	3.816
512.871	2.911
513.202	2.484
513.534	2.595
513.865	2.280
514.197	2.780
514.529	2.068
514.860	2.691
515.192	2.577
515.523	2.682
515.855	2.600
516.186	3.009
516.518	3.384
516.849	3.620
517.180	3.605
517.512	4.807
517.843	4.402
518.175	4.691
518.506	4.305
518.838	4.916
519.169	4.986
519.500	5.289
519.832	5.093
520.163	5.284
520.494	5.439
520.826	5.323
521.157	4.893
521.488	5.025
521.820	4.811
522.151	5.073
522.482	4.714
522.813	4.943
523.145	5.357
523.476	5.666
523.807	5.891
524.138	5.718
524.469	5.598
524.801	5.598
525.132	6.120
525.463	6.752
525.794	6.986
526.125	6.998
526.456	6.989
526.787	7.514
527.119	7.307
527.450	7.355
527.781	7.543
528.112	8.082
528.443	8.507
528.774	8.925
529.105	9.268
529.436	10.032
529.767	10.132
530.098	10.516
530.429	9.386
530.760	9.705
531.091	10.459
531.422	10.945
531.753	11.039
532.083	11.905
532.414	13.027
532.745	14.811
533.076	15.936
533.407	17.098
533.738	18.189
534.069	20.480
534.399	21.484
534.730	21.695
535.061	22.255
535.392	23.909
535.723	24.373
536.053	24.975
536.384	25.066
536.715	25.705
537.045	27.232
537.376	29.168
537.707	31.248
538.038	34.880
538.368	38.450
538.699	42.952
539.030	46.655
539.360	52.048
539.691	57.661
540.021	64.961
540.352	73.248
540.682	82.527
541.013	92.907
541.344	106.355
541.674	126.448
542.005	162.941
542.335	258.536
542.666	1054.191
542.996	2469.248
543.327	3921.227
543.657	5355.586
543.988	6560.589
544.318	7562.698
544.648	8449.134
544.979	9326.650
545.309	9888.775
545.640	10543.027
545.970	10594.832
546.300	10102.734
546.631	8694.089
546.961	7245.686
547.291	5811.043
547.622	4603.700
547.952	3597.005
548.282	2703.257
548.613	1813.989
548.943	1232.509
549.273	542.268
549.603	393.020
549.934	87.555
550.264	77.000
550.594	68.570
550.924	61.970
551.254	55.661
551.585	50.298
551.915	46.148
552.245	42.127
552.575	37.811
552.905	33.836
553.235	31.345
553.565	28.416
553.895	26.555
554.225	24.589
554.555	23.052
554.885	22.036
555.216	21.064
555.546	19.709
555.876	18.745
556.206	17.534
556.536	17.377
556.865	16.459
557.195	16.161
557.525	15.816
557.855	15.475
558.185	14.759
558.515	14.036
558.845	12.934
559.175	12.161
559.505	11.459
559.835	12.339
560.164	11.000
560.494	11.170
560.824	10.884
561.154	10.352
561.484	9.805
561.813	9.548
562.143	9.275
562.473	9.468
562.803	8.886
563.132	9.448
563.462	8.718
563.792	8.916
564.121	8.661
564.451	8.943
564.781	9.786
565.110	10.605
565.440	10.664
565.770	11.173
566.099	11.252
566.429	12.173
566.758	12.420
567.088	13.230
567.418	13.695
567.747	14.036
568.077	14.061
568.406	13.777
568.736	14.123
569.065	15.257
569.395	16.320
569.724	17.852
570.054	18.432
570.383	19.884
570.712	20.752
571.042	23.205
571.371	25.252
571.701	27.600
572.030	30.559
572.359	33.786
572.689	39.114
573.018	49.043
573.347	83.150
573.677	344.607
574.006	880.382
574.335	1447.952
574.665	1803.198
574.994	1902.682
575.323	1944.620
575.652	2076.934
575.982	2551.039
576.311	3147.061
576.640	3649.145
576.969	3782.977
577.298	3563.155
577.628	3043.316
577.957	2484.261
578.286	2133.384
578.615	2037.302
578.944	1996.923
579.273	1865.080
579.602	1390.068
579.931	790.170
580.260	279.786
580.589	112.620
580.918	71.405
581.247	54.377
581.576	45.455
581.905	39.439
582.234	34.675
582.563	30.975
582.892	27.607
583.221	24.568
583.550	22.711
583.879	20.000
584.208	18.273
584.537	16.936
584.866	16.345
585.195	14.877
585.523	14.259
585.852	13.480
586.181	13.091
586.510	12.270
586.839	12.218
587.167	11.186
587.496	10.500
587.825	9.291
588.154	9.386
588.482	8.898
588.811	8.823
589.140	8.368
589.469	7.623
589.797	6.873
590.126	7.184
590.455	6.250
590.783	6.211
591.112	5.795
591.440	6.120
591.769	5.255
592.098	4.948
592.426	4.334
592.755	3.952
593.083	3.886
593.412	3.320
593.740	2.691
594.069	2.814
594.398	2.393
594.726	2.300
595.054	1.852
595.383	1.980
595.711	1.759
596.040	2.111
596.368	1.693
596.697	1.891
597.025	2.630
597.353	2.400
597.682	2.070
598.010	2.618
598.338	2.355
598.667	2.705
598.995	2.473
599.323	2.414
599.652	2.084
599.980	2.150
600.308	1.382
600.636	0.893
600.965	1.436
601.293	1.943
601.621	1.325
601.949	1.952
602.278	1.764
602.606	2.016
602.934	2.698
603.262	2.743
603.590	2.916
603.918	3.661
604.246	3.439
604.574	2.914
604.903	2.636
605.231	2.923
605.559	3.002
605.887	2.973
606.215	2.666
606.543	2.384
606.871	1.932
607.199	1.911
607.527	1.848
607.855	2.730
608.183	2.748
608.511	2.959
608.839	3.080
609.166	3.505
609.494	3.800
609.822	4.030
610.150	3.952
610.478	4.709
610.806	4.702
611.134	4.680
611.461	3.870
611.789	3.986
612.117	3.745
612.445	3.605
612.773	2.477
613.100	2.298
613.428	2.359
613.756	2.316
614.084	1.880
614.411	1.661
614.739	1.534
615.067	2.323
615.394	2.230
615.722	2.255
616.049	2.130
616.377	2.545
616.705	2.602
617.032	2.648
617.360	2.214
617.687	2.016
618.015	2.443
618.343	2.130
618.670	1.595
618.998	2.014
619.325	1.868
619.653	1.891
619.980	2.170
620.308	2.445
620.635	2.789
620.962	3.673
621.290	4.184
621.617	3.836
621.945	3.957
622.272	3.800
622.599	3.520
622.927	3.414
623.254	3.173
623.581	3.123
623.909	2.514
624.236	2.343
624.563	1.693
624.891	1.802
625.218	1.848
625.545	1.991
625.872	2.064
626.200	1.936
626.527	1.473
626.854	1.566
627.181	1.500
627.508	1.107
627.836	0.191
628.163	0.132
628.490	0.105
628.817	0.468
629.144	0.136
629.471	0.141
629.798	0.123
630.125	0.364
630.452	-0.580
630.779	-0.855
631.106	-0.489
631.433	-0.200
631.760	0.009
632.087	-0.482
632.414	-0.852
632.741	-0.882
633.068	-0.691
633.395	-0.627
633.722	-0.570
634.049	0.550
634.376	0.480
634.703	0.545
635.030	0.614
635.357	0.425
635.683	0.677
636.010	1.252
636.337	0.848
636.664	1.002
636.991	1.002
637.317	1.243
637.644	1.095
637.971	1.616
638.298	1.886
638.624	2.423
638.951	2.316
639.278	2.359
639.604	1.500
639.931	2.407
640.258	2.089
640.584	1.882
640.911	1.395
641.237	1.720
641.564	0.850
641.891	0.764
642.217	0.375
642.544	0.380
642.870	-0.070
643.197	0.364
643.523	0.166
643.850	0.350
644.176	0.402
644.503	0.539
644.829	0.609
645.156	1.416
645.482	0.691
645.809	0.357
646.135	0.057
646.461	0.707
646.788	0.752
647.114	0.675
647.440	0.955
647.767	1.239
648.093	1.305
648.419	0.684
648.746	0.048
649.072	0.775
649.398	1.007
649.725	1.864
650.051	1.959
650.377	2.109
650.703	2.493
651.029	2.109
651.356	1.691
651.682	2.070
652.008	2.061
652.334	2.134
652.660	1.564
652.986	1.591
653.312	1.389
653.639	0.945
653.965	0.648
654.291	0.657
654.617	0.568
654.943	0.607
655.269	0.491
655.595	0.795
655.921	0.852
656.247	1.118
656.573	1.170
656.899	0.845
657.225	0.864
657.551	1.205
657.877	0.795
658.203	1.207
658.528	1.166
658.854	1.166
659.180	1.145
659.506	0.886
659.832	1.091
660.158	1.668
660.483	1.952
660.809	1.875
661.135	1.709
661.461	1.448
661.786	1.048
662.112	1.648
662.438	1.936
662.764	1.743
663.089	1.730
663.415	1.602
663.741	0.968
664.066	1.077
664.392	0.961
664.718	1.191
665.043	1.202
665.369	1.359
665.695	1.091
666.020	0.959
666.346	0.568
666.671	1.218
666.997	1.286
667.322	1.425
667.648	1.314
667.973	1.450
668.299	1.230
668.624	2.148
668.950	2.516
669.275	3.127
669.601	2.914
669.926	3.198
670.251	2.761
670.577	2.736
670.902	3.014
671.227	3.309
671.553	3.602
671.878	3.325
672.203	2.573
672.529	1.818
672.854	1.352
673.179	1.559
673.505	1.698
673.830	1.561
674.155	1.311
674.480	1.345
674.806	0.834
675.131	0.452
675.456	0.357
675.781	0.595
676.106	0.464
676.431	0.373
676.756	0.486
677.082	0.643
677.407	0.786
677.732	0.998
678.057	0.705
678.382	0.841
678.707	1.009
679.032	1.464
679.357	1.152
679.682	1.891
680.007	1.339
680.332	1.016
680.657	0.591
680.982	0.870
681.307	0.700
681.632	0.850
681.957	0.657
682.282	0.725
682.606	0.327
682.931	0.755
683.256	0.223
683.581	0.936
683.906	0.539
684.231	1.045
684.555	0.520
684.880	0.805
685.205	0.691
685.530	0.466
685.854	0.273
686.179	0.339
686.504	0.136
686.828	0.202
687.153	0.191
687.478	1.766
687.802	6.043
688.127	11.707
688.452	14.645
688.776	15.502
689.101	15.498
689.426	16.245
689.750	16.107
690.075	15.964
690.399	16.155
690.724	15.620
691.048	14.577
691.373	9.843
691.697	4.764
692.022	2.177
692.346	1.070
692.671	1.534
692.995	1.002
693.320	1.045
693.644	0.982
693.968	0.755
694.293	0.732
694.617	0.241
694.941	0.475
695.266	0.027
695.590	-0.691
695.914	-0.652
696.239	-0.743
696.563	-0.516
696.887	-0.398
697.211	0.127
697.536	0.270
697.860	0.411
698.184	1.089
698.508	1.314
698.832	1.545
699.157	1.439
699.481	1.248
699.805	0.986
700.129	0.214
700.453	0.509
700.777	0.264
701.101	0.309
701.425	0.339
701.749	0.030
702.074	0.000
702.398	-0.357
702.722	0.325
703.046	0.961
703.370	1.218
703.694	1.850
704.017	1.348
704.341	1.227
704.665	0.893
704.989	1.693
705.313	2.764
705.637	4.009
705.961	5.136
706.285	5.561
706.609	5.700
706.932	5.939
707.256	5.845
707.580	6.077
707.904	6.107
708.228	6.366
708.551	5.786
708.875	4.564
709.199	2.657
709.523	2.139
709.846	1.066
710.170	0.823
710.494	0.573
710.817	0.355
711.141	0.461
711.465	0.366
711.788	0.468
712.112	0.407
712.435	0.302
712.759	0.600
713.083	0.027
713.406	0.205
713.730	-0.334
714.053	-0.532
714.377	-0.195
714.700	-0.566
715.024	-0.457
715.347	-0.500
715.671	-0.748
715.994	-0.568
716.317	0.102
716.641	0.418
716.964	0.745
717.288	0.941
717.611	0.786
717.934	0.800
718.258	0.841
718.581	0.800
718.904	0.720
719.227	0.634
719.551	0.875
719.874	0.625
720.197	0.591
720.521	0.641
720.844	0.623
721.167	1.098
721.490	0.839
721.813	0.943
722.137	0.800
722.460	0.720
722.783	0.875
723.106	0.827
723.429	0.141
723.752	-0.018
724.075	-0.161
724.398	0.209
724.721	0.293
725.044	0.216
725.367	0.234
725.690	0.425
726.013	0.836
726.336	0.477
726.659	-0.118
726.982	0.311
727.305	-0.105
727.628	-0.755
727.951	-1.177
728.274	-1.641
728.597	-1.700
728.920	-1.341
729.243	-1.645
729.565	-2.661
729.888	-2.239
730.211	-1.793
730.534	-1.700
730.857	-1.100
731.179	-0.773
731.502	-0.516
731.825	-0.432
732.148	-0.120
732.470	-0.045
732.793	0.143
733.116	0.686
733.438	0.877
733.761	1.277
734.084	1.350
734.406	1.275
734.729	1.134
735.051	0.691
735.374	0.939
735.697	0.393
736.019	-0.207
736.342	0.116
736.664	0.214
736.987	-0.045
737.309	-0.618
737.632	-0.655
737.954	-0.373
738.277	-0.586
738.599	-0.382
738.921	-0.911
739.244	-0.300
739.566	-0.095
739.889	-0.136
740.211	-0.068
740.533	-0.148
740.856	-0.541
741.178	-0.752
741.500	-1.027
741.823	-0.777
742.145	-0.902
742.467	-0.470
742.789	-0.730
743.112	-0.355
743.434	-1.057
743.756	-1.127
744.078	-0.964
744.400	-0.509
744.723	-0.552
745.045	-0.516
745.367	-0.434
745.689	-0.152
746.011	-0.723
746.333	-0.852
746.655	-1.802
746.977	-1.250
747.299	-1.457
747.621	-1.682
747.943	-1.334
748.266	-1.332
748.587	-1.577
748.909	-1.452
749.231	-1.348
749.553	-0.741
749.875	-0.359
750.197	0.377
750.519	-0.216
750.841	-0.395
751.163	-0.234
751.485	-0.718
751.807	-0.868
752.128	-0.477
752.450	-0.464
752.772	-0.880
753.094	-1.014
753.416	-1.461
753.737	-1.993
754.059	-1.407
754.381	-1.298
754.703	-1.682
755.024	-1.941
755.346	-1.777
755.668	-2.252
755.989	-2.052
756.311	-1.505
756.632	-1.552
756.954	-1.177
757.276	-0.700
757.597	-0.745
757.919	-0.130
758.240	-0.359
758.562	0.155
758.883	0.293
759.205	-0.068
759.527	-0.511
759.848	-0.845
760.169	-0.470
760.491	-0.859
760.812	-1.093
761.134	-0.895
761.455	-1.352
761.777	-0.695
762.098	-1.036
762.419	-1.145
762.741	-0.600
763.062	-0.095
763.383	-0.098
763.705	-0.443
764.026	-0.559
764.347	-0.316
764.668	-0.045
764.990	0.436
765.311	0.225
765.632	0.666
765.953	0.275
766.275	0.593
766.596	0.127
766.917	0.345
767.238	0.286
767.559	1.182
767.880	0.959
768.201	0.200
768.522	-0.373
768.844	-0.409
769.165	-0.680
769.486	-0.659
769.807	-0.793
770.128	-0.002
770.449	0.345
770.770	0.623
771.091	0.025
771.412	0.089
771.733	0.291
772.053	-0.111
772.374	-0.320
772.695	-0.173
773.016	0.382
773.337	0.680
773.658	-0.105
773.979	-0.509
774.299	-0.977
774.620	-0.725
774.941	-1.030
775.262	-0.966
775.583	-0.448
775.903	-0.016
776.224	-0.064
776.545	0.152
776.866	-0.414
777.186	-0.070
777.507	-0.025
777.828	0.036
778.148	-0.384
778.469	0.123
778.790	0.270
779.110	0.307
779.431	0.175
779.751	-0.020
780.072	-0.195
780.392	-0.134
780.713	-0.102
781.033	-0.225
781.354	-0.164
781.674	0.141
781.995	-0.395
782.315	-0.691
782.636	-0.525
782.956	-0.420
783.277	-0.364
783.597	-0.957
783.917	-1.091
784.238	-1.282
784.558	-1.561
784.878	-1.257
785.199	-1.248
785.519	-1.041
785.839	-1.323
786.160	-1.707
786.480	-2.064
786.800	-2.016
787.120	-1.805
787.441	-1.180
787.761	-0.939
788.081	-0.700
788.401	-1.009
788.721	-0.905
789.041	-1.259
789.362	-0.989
789.682	-0.905
790.002	-0.605
790.322	-0.793
790.642	-0.830
790.962	-1.295
791.282	-1.739
791.602	-1.961
791.922	-1.473
792.242	-1.873
792.562	-1.732
792.882	-2.077
793.202	-1.898
793.522	-2.070
793.842	-1.773
794.162	-1.905
794.482	-1.777
794.802	-1.652
795.121	-1.698
795.441	-2.523
795.761	-2.114
796.081	-1.589
796.401	-0.973
796.720	-1.543
797.040	-0.820
797.360	-1.311
797.680	-1.255
797.999	-1.593
798.319	-1.052
798.639	-1.043
798.959	-0.507
799.278	-0.732
799.598	-0.768
799.917	-0.957
800.237	-0.686
800.557	-1.427
800.876	-0.966
801.196	-1.136
801.515	-0.882
801.835	-1.255
802.154	-1.123
802.474	-1.434
802.794	-1.332
803.113	-1.675
803.432	-1.161
803.752	-1.509
804.071	-1.475
804.391	-1.455
804.710	-0.909
805.030	-0.648
805.349	-0.925
805.668	-1.032
805.988	-0.970
806.307	-1.159
806.626	-0.714
806.946	-1.452
807.265	-1.025
807.584	-0.843
807.904	-1.020
808.223	-0.630
808.542	-0.698
808.861	-0.700
809.180	-0.375
809.500	-0.232
809.819	-0.048
810.138	-0.545
810.457	-0.339
810.776	-0.339
811.095	-0.298
811.414	-0.014
811.734	-0.193
812.053	-0.343
812.372	-0.295
812.691	-0.502
813.010	-0.411
813.329	-0.600
813.648	-0.320
813.967	-0.139
814.286	-0.177
814.605	0.036
814.923	-0.243
815.242	-0.634
815.561	-0.825
815.880	-1.064
816.199	-0.816
816.518	-0.800
816.837	-0.595
817.156	-0.418
817.474	-0.532
817.793	-0.243
818.112	-0.536
818.431	0.086
818.750	0.484
819.068	0.402
819.387	0.848
819.706	0.707
820.024	0.770
820.343	0.316
820.662	-0.384
820.980	-0.275
821.299	-0.343
821.618	-0.155
821.936	-0.325
822.255	-0.632
822.573	-0.105
822.892	-0.241
823.210	0.261
823.529	0.645
823.847	0.961
824.166	2.018
824.484	1.530
824.803	1.468
825.121	0.552
825.440	-0.020
825.758	-0.539
826.077	-0.627
826.395	0.168
826.713	-0.434
827.032	-0.766
827.350	-0.730
827.668	-0.725
827.987	-0.525
828.305	-0.534
828.623	0.473
828.941	0.411
829.260	0.923
829.578	0.193
829.896	-0.400
830.214	-0.295
830.533	-0.289
830.851	0.086
831.169	-0.350
831.487	0.091
831.805	-0.218
832.123	-0.409
832.441	-0.234
832.759	0.132
833.078	0.514
833.396	0.164
833.714	0.552
834.032	0.277
834.350	0.155
834.668	0.307
834.986	0.052
835.304	0.061
835.621	-0.127
835.939	0.111
836.257	-0.245
836.575	-0.345
836.893	-0.705
837.211	-1.530
837.529	-1.648
837.847	-2.202
838.164	-2.648
838.482	-2.905
838.800	-2.534
839.118	-2.648
839.436	-2.664
839.753	-2.761
840.071	-2.170
840.389	-1.732
840.707	-1.809
841.024	-1.580
841.342	-1.570
841.659	-1.466
841.977	-1.577
842.295	-1.423
842.612	-1.236
842.930	-1.298
843.247	-1.418
843.565	-1.670
843.883	-1.777
844.200	-1.218
844.518	-1.323
844.835	-0.677
845.153	-1.034
845.470	-0.759
845.788	-0.980
846.105	-1.175
846.422	-1.584
846.740	-1.602
847.057	-1.811
847.375	-1.611
847.692	-1.700
848.009	-1.661
848.327	-2.041
848.644	-2.041
848.961	-2.145
849.279	-2.141
849.596	-1.923
849.913	-1.759
850.230	-1.680
850.547	-1.077
850.865	-1.423
851.182	-1.611
851.499	-2.473
851.816	-2.775
852.133	-2.227
852.451	-2.498
852.768	-2.686
853.085	-2.789
853.402	-2.809
853.719	-3.025
854.036	-3.520
854.353	-3.075
854.670	-3.168
854.987	-1.770
855.304	-1.605
855.621	-2.184
855.938	-1.345
856.255	-1.261
856.572	-1.311
856.889	-1.052
857.206	-0.614
857.522	-1.043
857.839	-1.116
858.156	-0.920
858.473	-1.498
858.790	-1.273
859.107	-1.209
859.423	-1.655
859.740	-1.591
860.057	-1.645
860.374	-1.568
860.690	-1.582
861.007	-1.420
861.324	-1.491
861.641	-1.241
861.957	-1.184
862.274	-1.250
862.590	-0.650
862.907	-0.609
863.224	-0.286
863.540	-0.030
863.857	-0.273
864.173	-0.514
864.490	-0.280
864.806	-0.730
865.123	-0.777
865.439	-1.030
865.756	-0.886
866.072	-1.077
866.389	-1.105
866.705	-1.252
867.022	-1.534
867.338	-1.439
867.654	-0.939
867.971	-1.155
868.287	-0.616
868.603	-0.743
868.920	-0.370
869.236	-0.648
869.552	-1.048
869.869	-1.291
870.185	-1.502
870.501	-1.455
870.817	-1.025
871.134	-1.143
871.450	-0.789
871.766	-0.891
872.082	-0.748
872.398	-0.916
872.714	-0.850
873.031	0.043
873.347	0.064
873.663	-0.182
873.979	0.309
874.295	0.200
874.611	-0.116
874.927	-0.332
875.243	-0.475
875.559	-0.893
875.875	-0.659
876.191	-0.784
876.507	-1.130
876.823	-1.168
877.139	-0.416
877.455	-1.168
877.770	-1.077
878.086	-0.925
878.402	-0.464
878.718	-0.532
879.034	-0.616
879.350	-0.907
879.665	-0.439
879.981	-1.130
880.297	-0.600
880.613	-1.352
880.928	-0.805
881.244	-1.216
881.560	-1.527
881.875	-1.707
882.191	-1.750
882.507	-1.430
882.822	-0.961
883.138	-1.198
883.454	-0.911
883.769	-1.111
884.085	-0.884
884.400	-0.714
884.716	-1.025
885.031	-0.580
885.347	-0.839
885.662	-0.766
885.978	-0.675
886.293	-1.300
886.609	-1.186
886.924	-0.984
887.240	-1.259
887.555	-1.293
887.870	-1.577
888.186	-0.932
888.501	-1.132
888.816	-0.795
889.132	-0.232
889.447	-0.155
889.762	-0.166
890.078	-0.500
890.393	-0.130
890.708	0.248
891.023	0.480
891.338	0.255
891.654	0.207
891.969	-0.048
892.284	0.018
892.599	-0.030
892.914	-0.352
893.229	-0.205
893.544	-0.286
893.859	-0.466
894.175	-0.780
894.490	-1.055
894.805	-0.873
895.120	-1.830
895.435	-1.568
895.750	-1.916
896.065	-2.243
896.380	-1.970
896.695	-2.091
897.009	-1.839
897.324	-2.027
897.639	-2.330
897.954	-2.132
898.269	-2.041
898.584	-0.625
898.899	-0.943
899.213	-0.780
899.528	-1.107
899.843	-1.061
900.158	-0.980
900.472	-0.705
900.787	-1.175
901.102	-0.373
901.417	-0.516
901.731	-0.918
902.046	-2.402
902.361	-2.298
902.675	-2.609
902.990	-2.689
903.304	-2.727
903.619	-2.514
903.934	-3.130
904.248	-3.023
904.563	-3.659
904.877	-3.314
905.192	-3.248
905.506	-2.198
905.821	-1.977
906.135	-1.909
906.450	-1.839
906.764	-2.134
907.078	-2.261
907.393	-2.014
907.707	-1.689
908.022	-1.473
908.336	-1.764
908.650	-1.395
908.965	-1.882
909.279	-1.861
909.593	-1.852
909.907	-0.989
910.222	-0.818
910.536	-0.434
910.850	-0.207
911.164	-0.325
911.478	-0.507
911.793	-0.645
912.107	-0.459
912.421	-0.223
912.735	-0.257
913.049	-0.105
913.363	-0.825
913.677	-0.236
913.991	-0.900
914.305	-0.786
914.619	-0.607
914.933	-0.127
915.247	-0.180
915.561	-0.632
915.875	-0.857
916.189	-0.959
916.503	-0.827
916.817	-0.914
917.131	-1.995
917.445	-1.248
917.759	-1.211
918.073	-1.545
918.386	-2.139
918.700	-1.809
919.014	-1.745
919.328	-1.868
919.642	-2.245
919.955	-2.339
920.269	-2.177
920.583	-1.773
920.896	-2.402
921.210	-2.536
921.524	-2.123
921.838	-2.048
922.151	-1.736
922.465	-1.373
922.778	-0.691
923.092	-0.205
923.406	-0.320
923.719	-0.032
924.033	-0.275
924.346	-0.036
924.660	-0.136
924.973	-0.220
925.287	0.089
925.600	0.050
925.914	0.111
926.227	-0.305
926.540	-0.570
926.854	-0.850
927.167	-0.820
927.481	-0.620
927.794	-0.557
928.107	-0.443
928.421	-0.957
928.734	-0.716
929.047	-1.516
929.360	-1.634
929.674	-1.486
929.987	-0.948
930.300	-1.005
930.613	-1.098
930.926	-1.282
931.240	-1.609
931.553	-2.134
931.866	-1.598
932.179	-2.027
932.492	-1.302
932.805	-1.475
933.118	-1.959
933.431	-2.055
933.744	-1.468
934.057	-1.768
934.370	-1.316
934.683	-1.309
934.996	-0.716
935.309	-0.984
935.622	-0.702
935.935	-1.525
936.248	-1.389
936.561	-0.868
936.874	-0.925
937.187	-1.395
937.500	-1.186
937.812	-1.855
938.125	-1.807
938.438	-2.034
938.751	-1.595
939.064	-1.648
939.376	-1.002
939.689	-1.525
940.002	-1.848
940.314	-1.986
940.627	-1.909
940.940	-2.507
941.252	-2.286
941.565	-2.493
941.878	-2.932
942.190	-3.161
942.503	-3.205
942.815	-3.548
943.128	-3.616
943.440	-3.550
943.753	-3.852
944.065	-3.932
944.378	-2.911
944.690	-2.527
945.003	-2.218
945.315	-1.814
945.628	-2.393
945.940	-2.280
946.253	-2.261
946.565	-1.905
946.877	-1.539
947.190	-1.682
947.502	-1.364
947.814	-1.789
948.126	-1.825
948.439	-2.023
948.751	-1.705
949.063	-1.614
949.375	-1.068
949.688	-1.045
950.000	-0.843
950.312	-0.966
950.624	-0.207
950.936	0.086
951.248	0.391
951.561	0.059
951.873	-0.243
952.185	-0.591
952.497	0.300
952.809	-0.777
953.121	-0.218
953.433	-0.441
953.745	-0.466
954.057	-0.805
954.369	-1.193
954.681	-1.307
954.993	-1.068
955.305	-0.493
955.616	-0.359
955.928	-0.482
956.240	0.089
956.552	-0.025
956.864	0.391
957.176	-0.218
957.487	0.068
957.799	-0.150
958.111	-0.086
958.423	-0.523
958.734	-0.659
959.046	-1.089
959.358	-1.766
959.670	-2.132
959.981	-2.689
960.293	-2.880
960.605	-2.286
960.916	-2.384
961.228	-1.841
961.539	-1.857
961.851	-1.493
962.162	-1.348
962.474	-0.882
962.785	-0.598
963.097	-0.075
963.408	0.423
963.720	-0.207
964.031	-0.495
964.343	-0.573
964.654	-1.189
964.966	-1.998
965.277	-2.061
965.588	-2.175
965.900	-1.800
966.211	-2.005
966.522	-2.398
966.834	-2.220
967.145	-1.961
967.456	-1.811
967.767	-2.248
968.079	-2.055
968.390	-1.455
968.701	-1.320
969.012	-1.082
969.323	-1.732
969.635	-1.857
969.946	-1.575
970.257	-2.275
970.568	-1.748
970.879	-1.491
971.190	-1.643
971.501	-1.334
971.812	-1.300
972.123	-1.195
972.434	-1.057
972.745	-0.905
973.056	-0.405
973.367	-0.939
973.678	-0.673
973.989	-0.568
974.300	-0.720
974.611	0.070
974.922	-0.141
975.232	-0.036
975.543	0.098
975.854	-0.084
976.165	0.234
976.476	-0.070
976.786	-0.209
977.097	-0.318
977.408	-0.843
977.719	-1.073
978.029	-1.248
978.340	-1.807
978.651	-1.902
978.961	-2.000
979.272	-1.866
979.583	-2.084
979.893	-1.870
980.204	-1.380
980.514	-0.848
980.825	-0.839
981.135	-0.725
981.446	-0.955
981.756	-0.357
982.067	-0.914
982.377	-0.811
982.688	-1.245
982.998	-0.936
983.309	-0.775
983.619	-0.664
983.929	-0.795
984.240	-0.393
984.550	-0.466
984.861	-0.082
985.171	-0.039
985.481	0.177
985.791	-0.573
986.102	-0.334
986.412	-0.602
986.722	-0.782
987.032	-1.461
987.343	-1.734
987.653	-2.202
987.963	-1.675
988.273	-1.914
988.583	-2.089
988.893	-1.682
989.203	-1.173
989.513	-1.205
989.823	-1.357
990.133	-1.793
990.444	-1.661
990.754	-1.857
991.064	-1.702
991.374	-2.318
991.684	-2.257
991.994	-1.893
992.303	-2.123
992.613	-2.484
992.923	-2.320
993.233	-2.627
993.543	-2.066
993.853	-1.825
994.163	-1.407
994.472	-1.327
994.782	-0.980
995.092	-1.241
995.402	-1.380
995.712	-1.264
996.021	-1.089
996.331	-1.414
996.641	-1.127
996.950	-0.932
997.260	-0.959
997.570	-1.002
997.879	-0.789
998.189	-0.868
998.498	-1.052
998.808	-1.193
999.117	-1.284
999.427	-1.002
999.737	-1.266
1000.046	-0.920
1000.356	-1.311
1000.665	-1.648
1000.975	-1.577
1001.284	-1.755
1001.594	-1.775
1001.903	-1.505
1002.212	-1.345
1002.522	-1.127
1002.831	-0.736
1003.140	-0.027
1003.450	-0.589
1003.759	-0.295
1004.068	0.589
1004.378	0.100
1004.687	-0.236
1004.996	-0.739
1005.305	-0.461
1005.614	-0.811
1005.924	-0.964
1006.233	-1.361
1006.542	-2.061
1006.851	-2.220
1007.160	-2.498
1007.469	-3.266
1007.778	-3.182
1008.088	-3.132
1008.396	-2.380
1008.705	-2.702
1009.015	-2.184
1009.324	-2.491
1009.633	-2.366
1009.941	-1.907
1010.250	-1.214
1010.559	-1.189
1010.868	0.668
1011.177	5.059
1011.486	10.880
1011.795	15.007
1012.104	16.545
1012.413	16.682
1012.721	17.473
1013.030	17.111
1013.339	17.575
1013.648	17.336
1013.956	17.334
1014.265	15.539
1014.574	11.241
1014.883	5.332
1015.191	0.825
1015.500	-0.541
1015.809	-0.891
1016.117	-1.759
1016.426	-1.475
1016.734	-1.348
1017.043	-0.939
1017.352	-0.757
1017.660	0.127
1017.969	-0.248
1018.277	-0.211
1018.586	-0.114
1018.894	0.239
1019.203	-0.105
1019.511	0.314
1019.819	0.127
1020.128	-0.555
1020.436	-1.280
1020.744	-1.734
1021.053	-2.802
1021.361	-2.520
1021.669	-1.868
1021.978	-1.643
1022.286	-2.111
1022.594	-1.911
1022.903	-1.677
1023.211	-1.495
1023.519	-1.473
1023.827	-1.550
1024.135	-1.120
1024.443	-0.818
1024.752	-1.011
1025.060	-1.166
1025.368	-1.766
1025.676	-1.566
1025.984	-1.445
1026.292	-1.666
1026.600	-2.186
1026.908	-1.911
1027.216	-1.809
1027.524	-2.059
1027.832	-1.568
1028.140	-1.075
1028.448	-1.564
1028.756	-0.780
1029.064	-0.611
1029.372	-0.782
1029.680	-0.895
1029.988	0.173
1030.295	-0.282
1030.603	0.034
1030.911	-0.177
1031.219	-0.598
1031.527	-0.764
1031.834	-0.320
1032.142	-0.814
1032.450	-0.998
1032.758	-1.232
1033.065	-1.234
1033.373	-2.432
1033.680	-2.464
1033.988	-2.686
1034.296	-2.716
1034.603	-3.232
1034.911	-3.232
1035.219	-3.511
1035.526	-3.673
1035.834	-4.120
1036.141	-3.657
1036.448	-3.623
1036.756	-2.995
1037.063	-2.748
1037.371	-2.559
1037.678	-2.380
1037.986	-1.655
1038.293	-1.968
1038.601	-1.914
1038.908	-1.964
1039.215	-1.777
1039.522	-1.877
1039.830	-2.200
1040.137	-2.532
1040.444	-2.375
1040.752	-2.405
1041.059	-2.641
1041.366	-2.630
1041.673	-2.157
1041.980	-2.120
1042.288	-1.825
1042.595	-1.814
1042.902	-1.920
1043.209	-1.516
1043.516	-1.209
1043.823	-1.175
1044.130	-1.398
1044.437	-1.186
1044.744	-1.355
1045.051	-1.589
1045.358	-1.764
1045.665	-2.116
1045.972	-2.048
1046.279	-2.134
1046.586	-2.311
1046.893	-2.239
1047.200	-2.850
1047.507	-2.889
1047.814	-2.684
1048.120	-3.052
1048.427	-2.941
1048.734	-3.095
1049.041	-2.407
1049.348	-2.414
1049.654	-2.743
1049.961	-2.875
1050.268	-3.130
1050.575	-3.084
1050.881	-2.293
1051.188	-2.411
1051.494	-1.905
1051.801	-2.016
1052.108	-1.670
1052.414	-2.068
1052.721	-2.252
1053.027	-2.118
1053.334	-1.980
1053.641	-2.111
1053.947	-1.600
1054.254	-2.284
1054.560	-2.289
1054.866	-2.209
1055.173	-2.432
1055.479	-2.050
1055.786	-1.557
1056.092	-1.343
1056.398	-1.236
1056.705	-1.275
1057.011	-0.977
1057.317	-0.934
1057.624	-0.448
1057.930	-0.325
1058.236	-0.368
1058.542	0.125
1058.849	-0.189
1059.155	-1.266
1059.461	-0.684
1059.767	-0.695
1060.073	-0.895
1060.380	-1.307
1060.686	-1.134
1060.992	-1.739
1061.298	-2.057
1061.604	-2.211
1061.910	-2.150
1062.216	-2.673
1062.522	-1.741
1062.828	-2.777
1063.134	-2.489
1063.440	-1.998
1063.746	-1.891
1064.052	-2.436
1064.358	-2.057
1064.664	-1.714
1064.969	-1.677
1065.275	-2.361
1065.581	-1.520
1065.887	-1.664
1066.193	-1.002
1066.499	-1.232
1066.804	-1.450
1067.110	-0.980
1067.416	-1.073
1067.721	-0.886
1068.027	-0.970
1068.333	-1.425
1068.638	-0.764
1068.944	-1.450
1069.250	-1.464
1069.555	-1.634
1069.861	-1.005
1070.167	-1.209
1070.472	-1.093
1070.778	-1.036
1071.083	-1.339
1071.389	-1.275
1071.694	-0.766
1072.000	-1.093
1072.305	-0.959
1072.611	-1.220
1072.916	-1.330
1073.221	-1.782
1073.527	-1.543
1073.832	-2.375
1074.137	-1.766
1074.443	-1.407
1074.748	-1.720
1075.053	-1.650
1075.359	-1.475
1075.664	-1.327
1075.969	-1.205
1076.274	-1.532
1076.579	-1.643
1076.885	-1.784
1077.190	-0.920
1077.495	-1.261
1077.800	-1.955
1078.105	-1.807
1078.410	-1.914
1078.715	-2.030
1079.021	-1.918
1079.326	-1.857
1079.630	-1.370
1079.936	-1.384
1080.241	-1.070
1080.546	-2.152
1080.851	-2.332
1081.156	-2.230
1081.460	-2.384
1081.765	-2.373
1082.070	-2.061
1082.375	-2.527
1082.680	-2.525
1082.985	-2.636
1083.290	-2.500
1083.594	-2.632
1083.899	-1.986
1084.204	-2.048
1084.509	-2.000
1084.813	-1.852
1085.118	-2.118
1085.423	-2.136
1085.727	-2.132
1086.032	-2.186
1086.337	-2.252
1086.641	-2.277
1086.946	-2.225
1087.250	-2.211
1087.555	-1.914
1087.860	-2.143
1088.164	-1.593
1088.469	-1.861
1088.773	-2.298
1089.078	-1.945
1089.382	-1.836
1089.687	-1.509
1089.991	-1.366
1090.295	-1.277
1090.600	-1.502
1090.904	-1.427
1091.209	-0.557
1091.513	-1.009
1091.817	-0.959
1092.121	-0.884
1092.426	-0.873
1092.730	-1.439
1093.034	-1.855
1093.338	-2.061
1093.643	-1.691
1093.947	-1.220
1094.251	-1.389
1094.555	-1.966
1094.859	-1.598
1095.163	-1.395
1095.468	-1.493
1095.772	-1.486
1096.076	-0.755
1096.380	-0.850
1096.684	-1.018
1096.988	-1.057
1097.292	-1.391
1097.596	-1.309
1097.900	-1.082
1098.204	-1.268
1098.508	-0.948
1098.812	-3.075
1099.115	0.025
1099.419	-0.100
1099.723	0.200
