177,699	33,778
178,041	15,296
178,383	39,354
178,725	49,233
179,068	56,402
179,410	38,833
179,752	40,672
180,094	42,164
180,436	44,279
180,779	43,323
181,121	42,657
181,463	44,120
181,805	44,800
182,147	47,292
182,489	48,957
182,832	47,277
183,174	49,884
183,516	51,101
183,858	54,664
184,200	52,984
184,542	56,866
184,884	60,806
185,226	59,444
185,568	60,806
185,910	62,718
186,252	62,051
186,595	64,354
186,937	67,975
187,279	65,745
187,621	64,079
187,963	66,281
188,305	67,396
188,647	65,209
188,989	64,441
189,330	65,730
189,672	63,645
190,014	71,814
190,356	71,770
190,698	75,507
191,040	82,011
191,382	87,167
191,724	91,368
192,066	92,932
192,408	97,828
192,750	102,521
193,091	106,692
193,433	111,849
193,775	110,110
194,117	116,382
194,459	114,470
194,801	113,891
195,142	113,022
195,484	113,022
195,826	111,733
196,168	110,458
196,510	108,677
196,851	109,893
197,193	108,054
197,535	108,677
197,877	106,011
198,218	107,373
198,560	108,112
198,902	107,721
199,243	109,777
199,585	113,587
199,927	114,659
200,268	115,296
200,610	110,082
200,952	113,442
201,293	111,791
201,635	112,095
201,977	110,299
202,318	107,228
202,660	108,372
203,001	104,606
203,343	103,433
203,684	100,855
204,026	100,174
204,368	103,984
204,709	103,708
205,051	101,825
205,392	100,869
205,734	105,896
206,075	107,286
206,417	106,142
206,758	103,564
207,100	104,664
207,441	107,807
207,783	109,633
208,124	111,009
208,465	111,414
208,807	112,486
209,148	112,066
209,490	108,387
209,831	109,633
210,173	112,761
210,514	113,572
210,855	109,444
211,197	107,663
211,538	107,503
211,879	102,521
212,221	99,464
212,562	102,492
212,903	102,622
213,245	103,549
213,586	103,086
213,927	99,711
214,268	101,174
214,610	99,088
214,951	100,131
215,292	99,435
215,633	99,740
215,975	100,826
216,316	98,537
216,657	101,492
216,998	98,566
217,340	97,929
217,681	97,712
218,022	98,958
218,363	99,638
218,704	98,204
219,045	100,884
219,386	101,999
219,728	97,596
220,069	100,116
220,410	96,626
220,751	96,727
221,092	95,872
221,433	91,817
221,774	90,672
222,115	94,149
222,456	91,006
222,797	87,602
223,138	87,413
223,479	87,515
223,820	83,517
224,161	84,488
224,502	83,633
224,843	83,894
225,184	88,369
225,525	88,225
225,866	84,560
226,207	85,719
226,548	86,805
226,889	86,776
227,230	89,311
227,571	90,600
227,912	93,671
228,253	95,105
228,593	93,062
228,934	92,700
229,275	91,657
229,616	95,061
229,957	96,814
230,298	97,857
230,638	98,856
230,979	98,769
231,320	97,017
231,661	94,931
232,002	93,830
232,342	96,611
232,683	98,494
233,024	100,449
233,365	97,741
233,705	96,220
234,046	98,726
234,387	98,885
234,727	92,671
235,068	98,320
235,409	99,624
235,749	100,812
236,090	101,304
236,431	100,015
236,771	101,217
237,112	101,188
237,453	98,030
237,793	94,815
238,134	94,062
238,474	99,638
238,815	95,510
239,156	93,294
239,496	92,946
239,837	93,019
240,177	92,179
240,518	89,731
240,858	93,106
241,199	96,046
241,539	94,366
241,880	94,743
242,220	93,873
242,561	95,771
242,901	94,279
243,242	93,048
243,582	90,325
243,923	91,846
244,263	92,961
244,603	91,455
244,944	91,875
245,284	92,990
245,625	92,932
245,965	96,741
246,305	94,612
246,646	96,104
246,986	96,814
247,326	101,796
247,667	98,885
248,007	101,449
248,347	101,072
248,688	102,188
249,028	99,913
249,368	99,841
249,709	96,553
250,049	98,161
250,389	98,813
250,729	98,682
251,070	93,772
251,410	96,727
251,750	90,788
252,090	89,948
252,430	90,991
252,770	91,368
253,111	89,630
253,451	90,238
253,791	88,847
254,131	91,382
254,471	91,614
254,811	91,281
255,151	92,150
255,492	94,757
255,832	94,960
256,172	95,684
256,512	97,915
256,852	102,854
257,192	104,389
257,532	107,083
257,872	100,797
258,212	100,565
258,552	102,014
258,892	98,378
259,232	97,466
259,572	98,262
259,912	97,567
260,252	97,770
260,592	92,092
260,932	91,773
261,272	89,948
261,612	92,425
261,952	92,367
262,292	91,078
262,631	90,571
262,971	92,367
263,311	92,266
263,651	91,541
263,991	88,413
264,331	88,746
264,671	86,139
265,010	85,588
265,350	87,949
265,690	88,297
266,030	87,051
266,370	89,209
266,709	88,210
267,049	91,179
267,389	89,861
267,729	92,657
268,068	95,076
268,408	96,843
268,748	98,494
269,087	95,322
269,427	94,279
269,767	95,221
270,106	95,018
270,446	94,728
270,786	90,470
271,125	90,397
271,465	92,309
271,805	90,629
272,144	86,892
272,484	85,501
272,824	88,138
273,163	89,992
273,503	92,251
273,842	92,425
274,182	93,019
274,521	94,076
274,861	91,237
275,200	90,050
275,540	91,208
275,879	95,713
276,219	91,295
276,558	87,848
276,898	85,212
277,237	82,474
277,577	81,040
277,916	81,678
278,256	77,955
278,595	85,444
278,934	82,170
279,274	82,373
279,613	76,738
279,953	79,404
280,292	79,375
280,631	78,795
280,971	82,011
281,310	81,460
281,649	79,418
281,989	86,530
282,328	79,461
282,667	79,273
283,007	79,259
283,346	81,996
283,685	84,183
284,024	84,647
284,364	82,025
284,703	79,041
285,042	79,664
285,381	79,867
285,721	70,771
286,060	73,928
286,399	75,232
286,738	76,029
287,077	75,160
287,416	74,725
287,756	74,435
288,095	77,463
288,434	81,634
288,773	82,735
289,112	81,707
289,451	85,632
289,790	84,473
290,129	89,572
290,468	87,718
290,807	89,007
291,146	87,298
291,485	87,631
291,825	88,007
292,164	85,067
292,503	88,326
292,842	91,208
293,181	93,729
293,519	93,280
293,858	86,675
294,197	86,950
294,536	86,428
294,875	86,718
295,214	88,268
295,553	91,701
295,892	89,760
296,231	86,457
296,570	83,792
296,909	83,256
297,247	84,618
297,586	84,024
297,925	84,096
298,264	85,038
298,603	84,256
298,942	82,851
299,280	81,620
299,619	85,342
299,958	84,676
300,297	85,067
300,636	85,661
300,974	84,705
301,313	86,660
301,652	86,298
301,990	89,094
302,329	88,920
302,668	90,658
303,007	88,674
303,345	84,241
303,684	85,559
304,023	82,503
304,361	80,490
304,700	82,373
305,038	84,763
305,377	86,124
305,716	86,139
306,054	85,081
306,393	83,401
306,731	85,979
307,070	87,790
307,409	84,096
307,747	87,833
308,086	87,254
308,424	86,704
308,763	82,793
309,101	81,982
309,440	77,796
309,778	77,028
310,117	79,737
310,455	79,534
310,793	79,910
311,132	84,734
311,470	81,663
311,809	83,763
312,147	81,431
312,486	82,214
312,824	83,097
313,162	85,603
313,501	86,820
313,839	84,618
314,177	82,489
314,516	80,838
314,854	76,796
315,192	81,373
315,531	78,983
315,869	80,649
316,207	82,185
316,545	79,635
316,884	77,622
317,222	79,317
317,560	76,579
317,898	80,852
318,237	82,634
318,575	83,676
318,913	79,853
319,251	80,157
319,589	80,417
319,928	79,288
320,266	80,388
320,604	82,677
320,942	82,735
321,280	85,241
321,618	78,549
321,956	80,866
322,294	80,997
322,632	84,169
322,971	80,736
323,309	79,056
323,647	76,159
323,985	76,347
324,323	76,608
324,661	75,782
324,999	73,827
325,337	81,359
325,675	78,868
326,013	82,127
326,351	86,197
326,689	89,094
327,027	90,745
327,365	97,002
327,702	94,786
328,040	92,497
328,378	91,541
328,716	96,423
329,054	91,817
329,392	92,918
329,730	88,167
330,068	87,167
330,405	90,426
330,743	91,107
331,081	85,704
331,419	89,065
331,757	90,687
332,094	92,758
332,432	91,310
332,770	90,759
333,108	92,077
333,445	93,671
333,783	90,093
334,121	87,196
334,459	88,485
334,796	93,685
335,134	92,599
335,472	90,223
335,809	89,441
336,147	89,586
336,485	88,572
336,822	85,704
337,160	86,066
337,498	87,529
337,835	87,399
338,173	83,097
338,510	81,127
338,848	80,765
339,185	82,141
339,523	83,097
339,861	80,895
340,198	82,286
340,536	83,879
340,873	85,473
341,211	81,808
341,548	83,647
341,886	83,923
342,223	80,881
342,561	78,926
342,898	79,346
343,235	78,172
343,573	80,881
343,910	79,519
344,248	79,548
344,585	77,245
344,922	80,794
345,260	80,316
345,597	82,344
345,934	87,602
346,272	89,369
346,609	90,557
346,946	92,526
347,284	91,788
347,621	96,437
347,958	97,075
348,296	97,277
348,633	96,191
348,970	91,252
349,307	91,875
349,645	89,340
349,982	86,993
350,319	84,502
350,656	80,461
350,993	78,085
351,331	72,538
351,668	68,149
352,005	68,294
352,342	66,831
352,679	73,711
353,016	72,741
353,353	73,001
353,691	77,941
354,028	77,796
354,365	81,344
354,702	82,547
355,039	83,488
355,376	84,734
355,713	85,588
356,050	84,111
356,387	81,315
356,724	79,939
357,061	81,822
357,398	80,157
357,735	79,244
358,072	76,985
358,409	75,768
358,746	77,028
359,083	79,809
359,420	77,665
359,757	79,259
360,093	80,273
360,430	78,781
360,767	74,971
361,104	74,160
361,441	74,175
361,778	75,116
362,115	78,332
362,451	78,983
362,788	78,679
363,125	81,229
363,462	80,635
363,799	79,288
364,135	82,040
364,472	80,128
364,809	79,780
365,146	82,851
365,482	78,998
365,819	77,883
366,156	75,652
366,492	72,263
366,829	69,598
367,166	70,916
367,502	68,019
367,839	66,063
368,176	67,353
368,512	64,861
368,849	61,472
369,185	68,482
369,522	66,744
369,859	67,961
370,195	69,757
370,532	69,293
370,868	67,758
371,205	69,815
371,541	70,713
371,878	70,727
372,214	71,930
372,551	72,335
372,887	64,108
373,224	67,309
373,560	66,121
373,897	73,103
374,233	79,983
374,570	84,053
374,906	90,108
375,242	92,729
375,579	94,960
375,915	101,043
376,252	102,477
376,588	107,358
376,924	102,637
377,261	106,460
377,597	98,059
377,933	95,974
378,270	91,281
378,606	86,964
378,942	86,124
379,278	87,066
379,615	81,634
379,951	81,924
380,287	79,853
380,623	81,388
380,960	75,015
381,296	77,999
381,632	75,362
381,968	77,347
382,304	76,043
382,641	77,231
382,977	77,043
383,313	81,533
383,649	81,011
383,985	83,198
384,321	81,402
384,657	85,675
384,993	86,066
385,329	88,210
385,666	84,792
386,002	86,182
386,338	83,285
386,674	81,996
387,010	76,883
387,346	79,143
387,682	78,129
388,018	80,924
388,354	78,820
388,690	76,312
389,026	72,437
389,361	77,787
389,697	73,807
390,033	74,210
390,369	70,843
390,705	72,136
391,041	71,290
391,377	70,505
391,713	68,244
392,049	70,598
392,384	74,709
392,720	76,927
393,056	73,349
393,392	75,663
393,728	76,045
394,063	78,595
394,399	78,107
394,735	75,796
395,071	72,124
395,406	73,294
395,742	70,092
396,078	65,254
396,414	61,200
396,749	61,856
397,085	59,160
397,421	56,536
397,756	53,953
398,092	54,624
398,428	54,258
398,763	54,481
399,099	52,780
399,434	53,319
399,770	50,264
400,106	52,723
400,441	49,024
400,777	50,458
401,112	49,158
401,448	49,271
401,783	44,915
402,119	44,232
402,454	44,211
402,790	42,044
403,125	40,431
403,461	41,990
403,796	39,570
404,132	38,958
404,467	36,158
404,803	35,714
405,138	33,564
405,473	34,231
405,809	32,261
406,144	32,820
406,480	31,709
406,815	29,795
407,150	27,728
407,486	25,653
407,821	24,907
408,156	24,855
408,492	23,281
408,827	22,596
409,162	20,268
409,497	19,054
409,833	17,089
410,168	16,965
410,503	16,635
410,838	15,395
411,174	15,279
411,509	15,088
411,844	13,424
412,179	13,159
412,514	12,148
412,849	11,903
413,185	11,487
413,520	11,212
413,855	10,359
414,190	9,608
414,525	9,386
414,860	9,110
415,195	8,223
415,530	8,154
415,865	7,539
416,200	7,871
416,535	7,760
416,870	7,631
417,205	7,547
417,540	7,417
417,875	7,351
418,210	7,492
418,545	7,228
418,880	7,405
419,215	7,336
419,550	7,499
419,885	7,299
420,220	7,194
420,555	6,942
420,890	6,779
421,225	6,748
421,560	6,639
421,894	6,573
422,229	6,463
422,564	6,049
422,899	6,104
423,234	5,763
423,568	5,500
423,903	5,425
424,238	5,476
424,573	5,288
424,907	5,311
425,242	5,309
425,577	5,142
425,912	5,053
426,246	5,106
426,581	5,065
426,916	5,299
427,250	5,342
427,585	5,291
427,920	5,335
428,254	5,317
428,589	5,246
428,924	5,300
429,258	5,398
429,593	5,388
429,927	5,589
430,262	5,474
430,596	5,540
430,931	5,600
431,265	5,559
431,600	5,385
431,934	5,360
432,269	5,264
432,603	5,228
432,938	5,225
433,272	5,343
433,607	5,219
433,941	5,191
434,276	5,124
434,610	5,014
434,945	4,884
435,279	4,695
435,613	4,635
435,948	4,825
436,282	4,612
436,616	4,381
436,951	4,170
437,285	4,191
437,619	4,254
437,954	4,130
438,288	4,125
438,622	4,359
438,956	4,558
439,291	4,733
439,625	4,588
439,959	4,686
440,293	4,676
440,628	4,708
440,962	4,692
441,296	4,568
441,630	4,603
441,964	4,610
442,298	4,484
442,633	4,501
442,967	4,474
443,301	4,379
443,635	4,519
443,969	4,555
444,303	4,556
444,637	4,634
444,971	4,576
445,305	4,404
445,639	4,408
445,973	4,312
446,307	4,316
446,641	4,243
446,975	4,255
447,309	4,051
447,643	4,289
447,977	4,441
448,311	4,451
448,645	4,737
448,979	4,910
449,313	4,840
449,647	4,935
449,981	5,025
450,314	4,893
450,648	4,895
450,982	5,110
451,316	5,058
451,650	5,088
451,984	5,063
452,317	5,002
452,651	5,081
452,985	5,169
453,319	5,285
453,652	5,322
453,986	5,585
454,320	5,726
454,654	5,767
454,987	5,710
455,321	5,562
455,655	5,604
455,988	5,569
456,322	5,630
456,656	5,607
456,989	5,764
457,323	5,801
457,657	5,813
457,990	5,670
458,324	5,810
458,657	5,775
458,991	5,971
459,324	5,832
459,658	5,801
459,991	5,766
460,325	5,841
460,658	5,736
460,992	5,740
461,325	5,660
461,659	5,628
461,992	5,394
462,326	5,394
462,659	5,227
462,993	5,279
463,326	5,328
463,659	5,273
463,993	5,316
464,326	5,341
464,660	5,124
464,993	5,079
465,326	5,167
465,660	5,286
465,993	5,194
466,326	5,260
466,660	5,166
466,993	5,029
467,326	4,947
467,659	4,843
467,993	4,646
468,326	4,895
468,659	4,929
468,992	5,080
469,325	4,971
469,659	5,053
469,992	4,955
470,325	4,978
470,658	5,098
470,991	5,067
471,324	5,079
471,657	5,312
471,991	5,144
472,324	5,041
472,657	4,805
472,990	4,852
473,323	4,712
473,656	4,677
473,989	4,599
474,322	4,532
474,655	4,482
474,988	4,414
475,321	4,248
475,654	4,225
475,987	4,218
476,320	4,247
476,653	4,128
476,986	4,334
477,319	4,378
477,651	4,402
477,984	4,308
478,317	4,366
478,650	4,302
478,983	4,322
479,316	4,209
479,649	4,215
479,981	4,148
480,314	4,194
480,647	3,974
480,980	3,942
481,313	3,906
481,645	3,898
481,978	3,828
482,311	3,834
482,644	3,747
482,976	3,844
483,309	3,788
483,642	3,925
483,974	3,784
484,307	3,879
484,640	3,843
484,972	3,960
485,305	4,006
485,637	3,972
485,970	4,027
486,303	4,122
486,635	4,068
486,968	4,189
487,300	4,091
487,633	4,167
487,965	4,144
488,298	4,191
488,630	4,022
488,963	4,081
489,295	4,128
489,628	4,054
489,960	4,029
490,293	4,092
490,625	3,918
490,958	4,011
491,290	3,972
491,622	4,074
491,955	3,996
492,287	3,976
492,620	4,001
492,952	4,073
493,284	4,099
493,617	4,094
493,949	4,102
494,281	4,278
494,613	4,291
494,946	4,344
495,278	4,201
495,610	4,248
495,943	4,295
496,275	4,243
496,607	4,078
496,939	4,107
497,271	3,966
497,604	3,956
497,936	3,906
498,268	3,815
498,600	3,760
498,932	3,752
499,264	3,716
499,596	3,761
499,928	3,775
500,261	3,919
500,593	3,953
500,925	4,006
501,257	3,916
501,589	3,919
501,921	3,974
502,253	3,951
502,585	3,931
502,917	3,955
503,249	3,940
503,581	3,911
503,913	3,794
504,245	3,789
504,576	3,862
504,908	3,908
505,240	3,840
505,572	3,796
505,904	3,877
506,236	3,989
506,568	3,957
506,900	4,033
507,231	4,195
507,563	4,306
507,895	4,228
508,227	4,287
508,559	4,381
508,890	4,407
509,222	4,476
509,554	4,493
509,886	4,548
510,217	4,679
510,549	4,688
510,881	4,606
511,212	4,580
511,544	4,590
511,876	4,543
512,207	4,502
512,539	4,570
512,871	4,536
513,202	4,351
513,534	4,260
513,865	4,224
514,197	4,112
514,529	4,011
514,860	4,060
515,192	4,119
515,523	4,132
515,855	4,137
516,186	4,206
516,518	4,051
516,849	4,294
517,181	4,298
517,512	4,237
517,843	4,259
518,175	4,165
518,506	4,120
518,838	4,114
519,169	4,061
519,500	4,045
519,832	3,891
520,163	4,086
520,494	4,113
520,826	4,110
521,157	4,153
521,488	4,242
521,820	4,297
522,151	4,300
522,482	4,302
522,813	4,227
523,145	4,202
523,476	4,166
523,807	4,050
524,138	3,979
524,470	4,011
524,801	4,184
525,132	4,189
525,463	4,262
525,794	4,248
526,125	4,410
526,456	4,400
526,787	4,405
527,119	4,452
527,450	4,444
527,781	4,390
528,112	4,648
528,443	4,393
528,774	4,351
529,105	4,322
529,436	4,294
529,767	4,183
530,098	4,290
530,429	4,208
530,760	4,266
531,091	4,230
531,422	4,180
531,753	3,795
532,083	3,867
532,414	3,824
532,745	3,834
533,076	3,905
533,407	3,888
533,738	3,895
534,069	4,042
534,399	4,023
534,730	4,095
535,061	4,221
535,392	4,238
535,723	4,249
536,053	4,262
536,384	4,234
536,715	4,273
537,045	4,358
537,376	4,380
537,707	4,314
538,038	4,385
538,368	4,476
538,699	4,461
539,029	4,493
539,360	4,580
539,691	4,692
540,021	4,816
540,352	4,848
540,683	4,869
541,013	4,873
541,344	4,918
541,674	4,928
542,005	4,884
542,335	5,000
542,666	5,123
542,996	5,088
543,327	5,191
543,657	5,153
543,988	5,043
544,318	4,958
544,648	4,955
544,979	5,009
545,309	4,923
545,640	4,812
545,970	4,731
546,300	4,734
546,631	4,728
546,961	4,569
547,291	4,485
547,622	4,492
547,952	4,513
548,282	4,628
548,613	4,664
548,943	4,786
549,273	4,986
549,603	4,944
549,934	4,901
550,264	4,921
550,594	4,916
550,924	4,988
551,254	5,136
551,585	5,168
551,915	5,004
552,245	4,942
552,575	4,874
552,905	4,819
553,235	4,835
553,565	4,775
553,895	4,727
554,225	4,710
554,555	4,785
554,886	4,542
555,216	4,495
555,546	4,607
555,876	4,594
556,206	4,601
556,536	4,663
556,865	4,666
557,195	4,761
557,525	4,766
557,855	4,889
558,185	4,733
558,515	4,868
558,845	4,891
559,175	4,967
559,505	4,927
559,835	4,953
560,164	4,882
560,494	4,919
560,824	4,911
561,154	4,954
561,484	4,934
561,813	5,087
562,143	5,068
562,473	5,099
562,803	4,992
563,132	5,045
563,462	5,089
563,792	5,161
564,121	5,138
564,451	5,195
564,781	5,325
565,110	5,228
565,440	5,211
565,770	5,270
566,099	5,255
566,429	5,219
566,758	5,297
567,088	5,485
567,418	5,371
567,747	5,432
568,077	5,398
568,406	5,408
568,736	5,432
569,065	5,450
569,395	5,550
569,724	5,679
570,054	5,807
570,383	5,710
570,712	5,492
571,042	5,580
571,371	5,646
571,701	5,641
572,030	5,599
572,359	5,758
572,689	5,817
573,018	5,871
573,347	5,857
573,677	5,828
574,006	5,953
574,335	5,985
574,665	6,011
574,994	5,946
575,323	6,097
575,652	6,219
575,982	6,314
576,311	6,320
576,640	6,240
576,969	6,331
577,298	6,268
577,627	6,323
577,957	6,253
578,286	6,261
578,615	6,315
578,944	6,328
579,273	6,400
579,602	6,406
579,931	6,409
580,260	6,430
580,589	6,218
580,918	6,407
581,247	6,379
581,576	6,412
581,905	6,449
582,234	6,492
582,563	6,511
582,892	6,318
583,221	6,195
583,550	6,291
583,879	6,314
584,208	6,363
584,537	6,310
584,866	6,357
585,195	6,444
585,523	6,387
585,852	6,376
586,181	6,272
586,510	6,283
586,839	6,340
587,167	6,188
587,496	6,310
587,825	6,356
588,154	6,466
588,482	6,453
588,811	6,695
589,140	6,878
589,469	6,957
589,797	7,092
590,126	7,032
590,455	7,006
590,783	7,133
591,112	7,112
591,440	7,349
591,769	7,448
592,098	7,836
592,426	7,851
592,755	7,973
593,083	8,087
593,412	8,259
593,740	8,625
594,069	8,838
594,397	9,133
594,726	9,309
595,054	9,258
595,383	9,380
595,711	9,287
596,040	9,562
596,368	9,479
596,697	9,531
597,025	9,612
597,353	9,642
597,682	9,600
598,010	9,603
598,338	9,544
598,667	9,765
598,995	9,881
599,323	10,137
599,652	10,404
599,980	11,056
600,308	11,580
600,636	12,166
600,965	12,671
601,293	13,148
601,621	13,362
601,949	13,730
602,278	13,677
602,606	13,692
602,934	13,548
603,262	13,262
603,590	12,950
603,918	12,637
604,246	12,084
604,574	11,580
604,903	11,208
605,231	11,010
605,559	10,655
605,887	10,725
606,215	10,648
606,543	10,640
606,871	10,369
607,199	10,276
607,527	10,220
607,855	10,356
608,183	10,495
608,511	10,686
608,839	11,007
609,166	11,371
609,494	11,556
609,822	11,702
610,150	12,052
610,478	12,414
610,806	12,446
611,134	12,519
611,461	12,535
611,789	12,654
612,117	12,679
612,445	12,553
612,773	12,264
613,100	12,247
613,428	12,035
613,756	11,848
614,084	11,775
614,411	12,007
614,739	12,313
615,067	12,435
615,394	12,646
615,722	13,038
616,050	13,267
616,377	13,762
616,705	14,043
617,032	14,657
617,360	15,206
617,687	16,037
618,015	17,114
618,343	18,057
618,670	19,311
618,998	20,293
619,325	21,168
619,653	22,652
619,980	24,332
620,308	26,611
620,635	28,405
620,962	30,515
621,290	32,416
621,617	34,354
621,945	36,837
622,272	40,765
622,599	46,865
622,927	55,231
623,254	63,370
623,581	72,065
623,909	78,822
624,236	86,092
624,563	93,338
624,891	103,687
625,218	120,174
625,545	144,908
625,872	172,696
626,200	203,454
626,527	236,013
626,854	273,053
627,181	318,770
627,508	383,248
627,836	461,290
628,163	544,189
628,490	608,365
628,817	653,129
629,144	671,093
629,471	680,430
629,798	691,681
630,125	709,455
630,452	732,616
630,779	746,724
631,106	733,917
631,433	693,308
631,760	635,283
632,087	582,365
632,414	537,009
632,741	509,281
633,068	488,362
633,395	463,672
633,722	430,168
634,049	384,628
634,376	335,075
634,703	293,263
635,030	266,893
635,356	256,489
635,683	258,623
636,010	266,341
636,337	271,468
636,664	269,621
636,991	262,265
637,317	253,252
637,644	247,809
637,971	250,588
638,298	260,437
638,624	273,383
638,951	280,560
639,278	283,512
639,604	282,906
639,931	282,182
640,258	282,547
640,584	284,316
640,911	286,398
641,237	286,765
641,564	281,120
641,891	269,868
642,217	254,551
642,544	243,450
642,870	237,150
643,197	241,970
643,523	256,923
643,850	279,755
644,176	302,611
644,503	320,443
644,829	336,583
645,156	351,994
645,482	363,121
645,809	372,977
646,135	384,422
646,461	398,825
646,788	409,131
647,114	418,105
647,440	427,907
647,767	440,909
648,093	458,371
648,419	478,915
648,746	501,533
649,072	529,248
649,398	557,830
649,725	577,083
650,051	583,009
650,377	584,001
650,703	580,696
651,029	577,796
651,356	583,330
651,682	606,276
652,008	633,800
652,334	667,593
652,660	708,581
652,986	743,661
653,312	780,389
653,639	817,048
653,965	851,320
654,291	880,111
654,617	902,098
654,943	917,534
655,269	925,498
655,595	937,371
655,921	946,909
656,247	959,801
656,573	989,984
656,899	1028,963
657,225	1092,294
657,551	1167,448
657,877	1234,174
658,202	1288,765
658,528	1346,256
658,854	1387,679
659,180	1408,942
659,506	1425,941
659,832	1438,036
660,158	1453,254
660,483	1489,456
660,809	1533,807
661,135	1583,112
661,461	1672,527
661,787	1769,602
662,112	1848,255
662,438	1921,442
662,764	1982,103
663,089	2026,609
663,415	2059,903
663,741	2072,990
664,066	2061,890
664,392	2041,584
664,718	2035,418
665,043	2002,105
665,369	2013,478
665,695	2063,703
666,020	2148,009
666,346	2250,524
666,671	2376,848
666,997	2498,246
667,322	2597,834
667,648	2671,054
667,973	2703,226
668,299	2698,418
668,624	2686,343
668,950	2647,843
669,275	2612,384
669,601	2580,036
669,926	2571,901
670,251	2587,315
670,577	2612,762
670,902	2672,549
671,228	2776,379
671,553	2899,783
671,878	2999,525
672,203	3084,182
672,529	3128,726
672,854	3141,444
673,179	3121,771
673,505	3088,432
673,830	3047,293
674,155	3038,977
674,480	3041,008
674,806	3043,889
675,131	3084,425
675,456	3178,097
675,781	3313,860
676,106	3484,489
676,431	3615,311
676,756	3702,725
677,082	3755,794
677,407	3749,123
677,732	3698,025
678,057	3635,967
678,382	3555,823
678,707	3466,110
679,032	3388,143
679,357	3316,709
679,682	3277,964
680,007	3303,589
680,332	3389,803
680,657	3528,845
680,982	3693,624
681,307	3850,773
681,632	3975,087
681,957	4062,217
682,281	4119,179
682,606	4111,460
682,931	4074,208
683,256	4026,339
683,581	3987,648
683,906	3962,742
684,231	3957,273
684,555	3976,651
684,880	4050,384
685,205	4199,112
685,530	4387,606
685,854	4552,877
686,179	4729,046
686,504	4877,141
686,829	4962,961
687,153	4987,176
687,478	4953,402
687,803	4855,791
688,127	4742,967
688,452	4623,493
688,776	4498,077
689,101	4395,777
689,426	4367,638
689,750	4374,266
690,075	4422,288
690,399	4516,378
690,724	4629,415
691,048	4732,030
691,373	4856,732
691,697	4975,247
692,022	5031,830
692,346	5016,520
692,671	4935,588
692,995	4781,703
693,320	4619,095
693,644	4464,803
693,968	4310,507
694,293	4224,241
694,617	4219,502
694,941	4217,329
695,266	4222,372
695,590	4263,060
695,914	4344,735
696,239	4460,491
696,563	4593,593
696,887	4705,378
697,211	4763,866
697,536	4764,287
697,860	4687,529
698,184	4573,080
698,508	4438,987
698,832	4345,741
699,157	4301,145
699,481	4286,740
699,805	4274,815
700,129	4294,557
700,453	4349,532
700,777	4463,234
701,101	4593,870
701,425	4723,756
701,749	4828,656
702,074	4912,507
702,398	4938,024
702,722	4875,518
703,046	4740,789
703,370	4586,053
703,693	4435,893
704,017	4292,314
704,341	4146,099
704,665	4100,052
704,989	4101,608
705,313	4122,618
705,637	4191,202
705,961	4272,325
706,285	4377,120
706,609	4503,293
706,932	4639,436
707,256	4722,307
707,580	4742,962
707,904	4706,437
708,228	4582,952
708,551	4430,450
708,875	4293,790
709,199	4168,153
709,523	4049,263
709,846	3992,050
710,170	3991,006
710,494	4050,177
710,817	4165,696
711,141	4342,879
711,465	4539,250
711,788	4677,884
712,112	4810,011
712,435	4886,646
712,759	4902,596
713,083	4881,996
713,406	4802,122
713,730	4669,286
714,053	4482,206
714,377	4275,488
714,700	4051,421
715,024	3852,546
715,347	3753,771
715,671	3671,637
715,994	3658,941
716,317	3691,744
716,641	3749,200
716,964	3841,841
717,288	3919,811
717,611	3977,855
717,934	3980,778
718,258	3963,897
718,581	3904,323
718,904	3803,277
719,228	3671,739
719,551	3519,880
719,874	3362,527
720,197	3220,486
720,521	3066,085
720,844	2964,046
721,167	2909,674
721,490	2913,488
721,813	2937,783
722,137	3005,240
722,460	3067,873
722,783	3150,976
723,106	3207,652
723,429	3228,783
723,752	3221,482
724,075	3189,734
724,398	3100,309
724,721	2993,538
725,044	2877,116
725,367	2757,448
725,690	2651,366
726,013	2574,720
726,336	2502,711
726,659	2480,303
726,982	2546,478
727,305	2635,504
727,628	2733,600
727,951	2849,257
728,274	2947,884
728,597	3024,090
728,920	3080,117
729,243	3088,333
729,565	3079,242
729,888	3050,965
730,211	2980,089
730,534	2847,827
730,857	2722,118
731,179	2611,906
731,502	2531,214
731,825	2469,995
732,148	2455,196
732,470	2467,241
732,793	2515,526
733,116	2569,719
733,438	2633,799
733,761	2705,238
734,084	2782,510
734,406	2851,462
734,729	2868,302
735,051	2831,791
735,374	2781,846
735,697	2718,514
736,019	2643,677
736,342	2557,895
736,664	2460,234
736,987	2365,732
737,309	2295,447
737,632	2249,172
737,954	2248,320
738,277	2317,269
738,599	2413,205
738,921	2528,904
739,244	2622,712
739,566	2696,010
739,889	2761,082
740,211	2849,563
740,533	2932,728
740,856	2998,329
741,178	3005,797
741,500	2936,616
741,823	2846,402
742,145	2751,709
742,467	2665,841
742,789	2596,256
743,112	2571,125
743,434	2581,923
743,756	2585,358
744,078	2621,973
744,400	2667,988
744,723	2755,790
745,045	2896,165
745,367	3022,819
745,689	3139,748
746,011	3214,663
746,333	3275,078
746,655	3340,212
746,977	3385,563
747,299	3403,998
747,621	3383,593
747,943	3324,664
748,265	3260,787
748,587	3189,346
748,909	3166,953
749,231	3189,766
749,553	3273,649
749,875	3420,176
750,197	3577,917
750,519	3703,243
750,841	3885,035
751,163	4159,806
751,485	4441,176
751,807	4711,262
752,128	4925,445
752,450	5014,319
752,772	5038,868
753,094	4986,149
753,416	4874,397
753,737	4730,993
754,059	4618,589
754,381	4495,512
754,702	4326,726
755,024	4233,539
755,346	4181,268
755,668	4223,583
755,989	4337,167
756,311	4542,916
756,632	4749,853
756,954	4931,734
757,276	5097,228
757,597	5283,688
757,919	5478,949
758,240	5613,330
758,562	5671,383
758,883	5649,756
759,205	5530,247
759,526	5397,015
759,848	5174,404
760,169	5014,685
760,491	4923,185
760,812	4855,770
761,134	4779,235
761,455	4734,179
761,777	4761,846
762,098	4841,149
762,419	4989,672
762,741	5253,824
763,062	5504,047
763,383	5749,570
763,705	5897,191
764,026	5955,499
764,347	5961,768
764,668	5922,168
764,990	5800,029
765,311	5624,181
765,632	5412,033
765,953	5152,041
766,275	4797,610
766,596	4456,871
766,917	4155,704
767,238	3947,393
767,559	3810,057
767,880	3744,708
768,201	3723,078
768,522	3697,079
768,844	3695,307
769,165	3732,237
769,486	3818,061
769,807	3919,887
770,128	4040,784
770,449	4105,316
770,770	4105,457
771,091	4032,131
771,412	3882,548
771,733	3710,718
772,053	3558,684
772,374	3386,429
772,695	3179,498
773,016	2962,457
773,337	2751,778
773,658	2544,572
773,979	2425,742
774,300	2369,007
774,620	2387,109
774,941	2451,626
775,262	2503,372
775,583	2561,781
775,903	2612,694
776,224	2671,876
776,545	2704,471
776,866	2730,470
777,186	2744,587
777,507	2706,093
777,828	2631,040
778,148	2520,180
778,469	2395,468
778,789	2281,386
779,110	2158,484
779,431	2043,444
779,751	1938,780
780,072	1853,849
780,392	1786,832
780,713	1737,546
781,033	1712,605
781,354	1727,931
781,674	1769,761
781,995	1849,007
782,315	1950,524
782,636	2057,505
782,956	2154,284
783,277	2203,572
783,597	2214,770
783,917	2198,697
784,238	2158,222
784,558	2098,711
784,878	2007,989
785,199	1899,953
785,519	1768,035
785,839	1627,107
786,160	1490,609
786,480	1375,597
786,800	1312,006
787,120	1295,540
787,441	1306,458
787,761	1331,669
788,081	1364,017
788,401	1414,429
788,721	1471,568
789,041	1522,579
789,362	1582,515
789,682	1633,239
790,002	1664,220
790,322	1670,077
790,642	1647,812
790,962	1607,457
791,282	1574,581
791,602	1550,468
791,922	1512,919
792,242	1467,318
792,562	1413,800
792,882	1358,055
793,202	1314,164
793,522	1300,680
793,842	1326,126
794,162	1395,620
794,482	1501,861
794,801	1611,458
795,121	1730,891
795,441	1852,379
795,761	1969,227
796,081	2086,795
796,401	2192,117
796,720	2274,058
797,040	2331,695
797,360	2355,936
797,680	2349,458
797,999	2294,192
798,319	2222,345
798,639	2141,155
798,959	2072,883
799,278	2039,790
799,598	2041,626
799,917	2063,386
800,237	2104,707
800,557	2177,339
800,876	2256,186
801,196	2333,781
801,515	2438,707
801,835	2585,195
802,155	2762,356
802,474	2929,669
802,794	3079,020
803,113	3171,694
803,432	3220,956
803,752	3219,593
804,071	3184,929
804,391	3149,663
804,710	3118,635
805,030	3069,525
805,349	2977,875
805,668	2848,684
805,988	2705,150
806,307	2559,236
806,626	2463,492
806,946	2414,614
807,265	2458,744
807,584	2536,468
807,904	2601,919
808,223	2660,384
808,542	2711,889
808,861	2758,843
809,180	2804,083
809,500	2861,146
809,819	2919,070
810,138	2935,627
810,457	2900,152
810,776	2818,646
811,095	2696,297
811,414	2578,310
811,733	2443,160
812,053	2324,001
812,372	2214,333
812,691	2118,943
813,010	2031,134
813,329	1940,021
813,648	1864,893
813,967	1818,644
814,286	1768,174
814,605	1752,375
814,923	1753,015
815,242	1800,470
815,561	1865,871
815,880	1953,026
816,199	2014,298
816,518	2057,220
816,837	2078,482
817,156	2105,594
817,474	2127,542
817,793	2136,942
818,112	2113,478
818,431	2074,518
818,749	2008,248
819,068	1919,409
819,387	1806,236
819,706	1718,632
820,024	1647,522
820,343	1602,663
820,662	1571,407
820,980	1569,974
821,299	1583,251
821,618	1618,121
821,936	1670,876
822,255	1731,669
822,573	1811,242
822,892	1908,941
823,210	1996,448
823,529	2074,454
823,847	2135,859
824,166	2152,611
824,484	2145,864
824,803	2141,224
825,121	2131,199
825,440	2098,009
825,758	2059,432
826,077	2007,323
826,395	1950,007
826,713	1889,943
827,032	1819,331
827,350	1754,064
827,668	1726,710
827,987	1710,691
828,305	1725,107
828,623	1737,637
828,941	1766,070
829,260	1826,322
829,578	1917,886
829,896	2001,479
830,214	2075,957
830,533	2168,435
830,851	2287,973
831,169	2384,524
831,487	2483,711
831,805	2545,842
832,123	2575,901
832,441	2598,193
832,759	2557,342
833,078	2478,343
833,396	2399,417
833,714	2335,656
834,032	2271,000
834,350	2188,617
834,668	2126,947
834,986	2065,878
835,304	2021,169
835,621	2013,269
835,939	2031,089
836,257	2103,346
836,575	2210,302
836,893	2329,110
837,211	2460,191
837,529	2588,067
837,847	2711,045
838,164	2818,417
838,482	2898,195
838,800	2984,866
839,118	3057,199
839,436	3097,297
839,753	3076,823
840,071	3013,148
840,389	2932,745
840,706	2833,428
841,024	2728,129
841,342	2624,371
841,659	2533,804
841,977	2459,248
842,295	2388,994
842,612	2337,270
842,930	2344,200
843,248	2420,965
843,565	2545,614
843,883	2684,708
844,200	2856,195
844,518	3046,483
844,835	3219,993
845,153	3427,429
845,470	3670,754
845,788	3871,715
846,105	4030,465
846,422	4137,797
846,740	4178,694
847,057	4169,585
847,375	4124,052
847,692	4025,062
848,009	3922,698
848,327	3824,682
848,644	3700,443
848,961	3516,587
849,279	3335,670
849,596	3188,563
849,913	3041,833
850,230	2931,629
850,548	2878,539
850,865	2895,088
851,182	2937,698
851,499	2956,817
851,816	2982,153
852,133	3018,573
852,451	3078,185
852,768	3155,171
853,085	3217,368
853,402	3287,056
853,719	3385,727
854,036	3449,811
854,353	3455,218
854,670	3432,649
854,987	3399,390
855,304	3345,120
855,621	3240,001
855,938	3127,209
856,255	3007,782
856,572	2899,743
856,889	2791,851
857,206	2671,637
857,522	2567,667
857,839	2493,970
858,156	2437,222
858,473	2411,991
858,790	2417,357
859,107	2453,772
859,423	2519,985
859,740	2615,682
860,057	2741,092
860,374	2858,927
860,690	2948,550
861,007	3015,096
861,324	3062,704
861,640	3075,956
861,957	3072,736
862,274	3058,709
862,590	3036,730
862,907	2980,391
863,224	2890,939
863,540	2744,819
863,857	2579,903
864,173	2432,460
864,490	2279,097
864,806	2124,456
865,123	2021,079
865,439	1938,192
865,756	1855,425
866,072	1787,188
866,389	1719,052
866,705	1678,496
867,022	1697,274
867,338	1748,746
867,654	1800,977
867,971	1872,633
868,287	1954,479
868,603	2034,459
868,920	2082,670
869,236	2147,324
869,552	2189,030
869,869	2218,416
870,185	2225,047
870,501	2189,751
870,817	2123,042
871,134	2041,996
871,450	1945,072
871,766	1832,649
872,082	1721,049
872,398	1618,392
872,714	1494,764
873,031	1378,691
873,347	1294,674
873,663	1227,068
873,979	1172,648
874,295	1147,454
874,611	1146,233
874,927	1170,474
875,243	1216,614
875,559	1260,210
875,875	1310,751
876,191	1367,531
876,507	1419,620
876,823	1451,021
877,139	1467,859
877,455	1484,878
877,770	1485,858
878,086	1464,804
878,402	1415,547
878,718	1351,044
879,034	1287,155
879,350	1216,521
879,665	1145,698
879,981	1075,540
880,297	1010,990
880,613	947,971
880,928	881,406
881,244	822,659
881,560	775,558
881,875	737,809
882,191	703,509
882,507	680,028
882,822	668,621
883,138	659,361
883,454	658,801
883,769	669,019
884,085	693,247
884,400	719,015
884,716	749,369
885,031	773,331
885,347	800,008
885,662	829,565
885,978	839,371
886,293	841,040
886,609	838,672
886,924	826,257
887,240	804,795
887,555	774,698
887,870	739,567
888,186	699,586
888,501	657,253
888,816	611,286
889,132	563,094
889,447	526,082
889,762	500,572
890,078	481,444
890,393	471,015
890,708	470,291
891,023	471,597
891,338	483,151
891,654	496,891
891,969	515,472
892,284	532,761
892,599	551,724
892,914	574,791
893,229	593,702
893,544	613,543
893,860	633,583
894,175	650,092
894,490	670,370
894,805	681,791
895,120	692,261
895,435	699,086
895,750	698,252
896,065	698,569
896,380	690,560
896,694	681,340
897,009	665,143
897,324	647,118
897,639	621,136
897,954	591,402
898,269	568,149
898,584	545,225
898,899	523,162
899,213	513,951
899,528	512,953
899,843	522,453
900,158	538,990
900,472	571,159
900,787	600,739
901,102	636,166
901,417	679,462
901,731	725,435
902,046	767,092
902,361	817,842
902,675	853,756
902,990	880,780
903,304	893,368
903,619	904,023
903,934	899,231
904,248	891,563
904,563	873,792
904,877	842,672
905,192	805,306
905,506	776,510
905,821	738,059
906,135	708,458
906,450	679,601
906,764	667,229
907,078	651,203
907,393	640,981
907,707	638,443
908,022	650,869
908,336	671,547
908,650	697,040
908,965	717,783
909,279	742,340
909,593	762,848
909,907	784,475
910,222	802,286
910,536	820,924
910,850	841,279
911,164	856,523
911,478	861,248
911,793	861,716
912,107	859,824
912,421	850,567
912,735	834,461
913,049	827,450
913,363	811,742
913,677	787,235
913,991	758,296
914,305	725,058
914,619	687,309
914,933	649,668
915,247	611,764
915,561	571,004
915,875	540,869
916,189	515,232
916,503	488,259
916,817	467,322
917,131	454,453
917,445	449,739
917,759	442,325
918,073	442,525
918,386	446,205
918,700	449,706
919,014	456,938
919,328	457,083
919,642	455,083
919,955	451,929
920,269	445,468
920,583	431,218
920,896	412,110
921,210	393,944
921,524	374,791
921,837	357,634
922,151	340,269
922,465	321,916
922,778	301,366
923,092	281,482
923,406	260,373
923,719	244,524
924,033	227,751
924,346	212,820
924,660	200,274
924,973	190,325
925,287	179,312
925,600	171,248
925,914	160,778
926,227	155,242
926,540	153,576
926,854	154,329
927,167	150,808
927,480	149,921
927,794	150,762
928,107	154,954
928,420	155,350
928,734	156,644
929,047	156,493
929,360	155,679
929,674	155,084
929,987	151,490
930,300	150,052
930,613	148,084
930,926	143,186
931,240	138,921
931,553	127,493
931,866	121,578
932,179	114,061
932,492	105,603
932,805	99,385
933,118	98,883
933,431	97,216
933,744	96,002
934,057	95,181
934,370	100,157
934,683	103,310
934,996	114,700
935,309	125,381
935,622	136,292
935,935	149,654
936,248	168,129
936,561	177,967
936,874	191,591
937,187	199,377
937,500	212,613
937,812	221,807
938,125	233,604
938,438	236,936
938,751	238,690
939,064	243,661
939,376	242,462
939,689	241,079
940,002	236,028
940,314	233,598
940,627	236,062
940,940	227,544
941,252	226,474
941,565	225,372
941,878	223,848
942,190	224,151
942,503	219,275
942,815	223,921
943,128	223,619
943,440	231,268
943,753	240,640
944,065	236,603
944,378	247,286
944,690	249,361
945,003	247,206
945,315	258,757
945,628	264,685
945,940	276,587
946,253	287,566
946,565	294,516
946,877	303,641
947,190	306,310
947,502	320,053
947,814	320,240
948,126	327,372
948,439	337,964
948,751	331,399
949,063	328,848
949,375	318,057
949,688	305,370
950,000	294,722
950,312	274,913
950,624	257,170
950,936	232,713
951,248	219,286
951,561	205,320
951,873	190,389
952,185	180,794
952,497	178,474
952,809	180,664
953,121	180,464
953,433	181,007
953,745	188,487
954,057	199,513
954,369	217,293
954,681	234,339
954,993	251,931
955,305	262,303
955,616	269,751
955,928	270,466
956,240	269,600
956,552	272,543
956,864	272,925
957,176	273,487
957,487	272,032
957,799	262,793
958,111	249,893
958,423	233,970
958,734	224,645
959,046	221,158
959,358	213,381
959,670	209,127
959,981	202,739
960,293	199,796
960,605	191,713
960,916	178,964
961,228	175,533
961,539	174,583
961,851	166,785
962,162	159,286
962,474	152,278
962,785	145,822
963,097	144,257
963,408	142,945
963,720	144,134
964,031	149,373
964,343	163,846
964,654	173,318
964,966	185,270
965,277	199,962
965,588	215,916
965,900	234,067
966,211	253,660
966,522	268,269
966,834	280,384
967,145	284,368
967,456	292,374
967,767	290,020
968,079	289,781
968,390	279,376
968,701	273,693
969,012	263,279
969,323	251,817
969,635	233,795
969,946	217,238
970,257	203,036
970,568	191,924
970,879	180,587
971,190	170,327
971,501	166,762
971,812	166,793
972,123	163,340
972,434	169,259
972,745	173,883
973,056	190,801
973,367	205,755
973,678	226,036
973,989	246,757
974,300	260,928
974,611	280,653
974,922	300,381
975,232	324,182
975,543	353,613
975,854	384,174
976,165	401,178
976,476	413,756
976,786	428,682
977,097	435,722
977,408	444,986
977,719	457,287
978,029	461,041
978,340	459,658
978,651	465,188
978,961	461,431
979,272	450,830
979,583	453,689
979,893	457,329
980,204	457,951
980,514	461,331
980,825	465,593
981,135	461,895
981,446	467,957
981,756	472,555
982,067	469,517
982,377	480,568
982,688	496,989
982,998	515,512
983,309	538,498
983,619	577,094
983,929	628,446
984,240	681,903
984,550	739,886
984,860	792,825
985,171	854,985
985,481	928,063
985,791	981,928
986,102	1054,567
986,412	1132,202
986,722	1223,014
987,032	1301,206
987,343	1358,840
987,653	1411,712
987,963	1455,388
988,273	1489,629
988,583	1504,718
988,893	1499,320
989,203	1497,108
989,513	1463,924
989,824	1419,916
990,134	1355,099
990,444	1285,118
990,754	1237,511
991,064	1181,429
991,374	1136,364
991,684	1097,899
991,993	1075,538
992,303	1071,944
992,613	1074,130
992,923	1090,997
993,233	1108,944
993,543	1139,214
993,853	1172,785
994,163	1206,713
994,472	1268,274
994,782	1349,481
995,092	1431,395
995,402	1524,266
995,712	1614,576
996,021	1696,689
996,331	1765,685
996,641	1838,535
996,950	1883,751
997,260	1923,638
997,570	1937,126
997,879	1936,953
998,189	1941,082
998,498	1950,085
998,808	1916,159
999,118	1866,421
999,427	1837,966
999,737	1808,456
1000,046	1754,002
1000,356	1718,319
1000,665	1665,857
1000,975	1628,228
1001,284	1564,091
1001,593	1484,700
1001,903	1393,393
1002,212	1336,083
1002,522	1286,335
1002,831	1218,044
1003,140	1169,986
1003,450	1159,500
1003,759	1145,373
1004,068	1166,100
1004,378	1177,777
1004,687	1206,166
1004,996	1227,655
1005,305	1269,937
1005,614	1305,449
1005,924	1342,740
1006,233	1386,114
1006,542	1416,384
1006,851	1437,624
1007,160	1462,167
1007,469	1473,520
1007,778	1489,016
1008,087	1489,940
1008,396	1479,653
1008,706	1450,350
1009,015	1419,781
1009,324	1371,195
1009,633	1325,812
1009,941	1263,126
1010,250	1205,101
1010,559	1127,533
1010,868	1050,889
1011,177	957,532
1011,486	888,316
1011,795	828,020
1012,104	782,354
1012,413	730,286
1012,721	687,039
1013,030	637,524
1013,339	600,227
1013,648	549,529
1013,956	518,269
1014,265	489,682
1014,574	481,298
1014,883	475,871
1015,191	472,413
1015,500	471,229
1015,809	470,001
1016,117	489,438
1016,426	506,017
1016,734	517,396
1017,043	536,176
1017,352	547,941
1017,660	562,206
1017,969	565,169
1018,277	565,225
1018,586	557,626
1018,894	552,493
1019,203	546,995
1019,511	531,489
1019,819	518,059
1020,128	513,962
1020,436	492,401
1020,745	488,722
1021,053	470,020
1021,361	465,089
1021,670	436,531
1021,978	409,783
1022,286	378,394
1022,594	342,512
1022,903	307,783
1023,211	284,917
1023,519	265,058
1023,827	244,737
1024,135	211,603
1024,444	196,084
1024,752	165,426
1025,060	167,115
1025,368	164,951
1025,676	165,345
1025,984	167,849
1026,292	180,628
1026,600	190,293
1026,908	197,325
1027,216	206,618
1027,524	223,284
1027,832	232,024
1028,140	244,265
1028,448	242,957
1028,756	258,877
1029,064	260,235
1029,372	267,768
1029,680	260,777
1029,988	244,039
1030,295	230,334
1030,603	223,140
1030,911	218,495
1031,219	211,810
1031,527	197,812
1031,834	175,859
1032,142	143,405
1032,450	129,911
1032,758	106,021
1033,065	84,567
1033,373	89,403
1033,681	79,563
1033,988	58,048
1034,296	12,887
1034,603	-16,247
1034,911	-8,864
1035,218	-22,289
1035,526	-17,046
1035,834	-8,728
1036,141	0,160
1036,449	7,292
1036,756	15,077
1037,063	5,372
1037,371	23,027
1037,678	41,616
1037,986	45,851
1038,293	25,670
1038,601	32,779
1038,908	29,594
1039,215	25,691
1039,523	22,576
1039,830	16,930
1040,137	-2,557
1040,444	-13,206
1040,752	-42,828
1041,059	-37,374
1041,366	-35,854
1041,673	-48,024
1041,980	-42,688
1042,288	-32,453
1042,595	-47,032
1042,902	-46,633
1043,209	-46,388
1043,516	-27,874
1043,823	-12,250
1044,130	15,051
1044,437	-22,246
1044,744	-29,918
1045,051	-6,519
1045,358	-18,867
1045,665	-31,161
1045,972	-42,905
1046,279	-55,462
1046,586	-62,592
1046,893	-107,824
1047,200	-134,612
1047,507	-167,200
1047,814	-118,526
1048,120	-138,809
1048,427	-130,263
1048,734	-118,580
1049,041	-116,548
1049,348	-112,846
1049,654	-115,078
1049,961	-119,311
1050,268	-66,745
1050,574	-38,690
1050,881	6,126
1051,188	-40,607
1051,494	18,957
1051,801	9,348
1052,108	12,499
1052,414	-1,279
1052,721	22,174
1053,027	62,454
1053,334	103,196
1053,640	75,169
1053,947	92,930
1054,253	91,119
1054,560	111,734
1054,866	69,577
1055,173	73,816
1055,479	83,056
1055,786	117,328
1056,092	112,222
1056,398	86,253
1056,705	37,950
1057,011	36,975
1057,317	50,371
1057,624	37,973
1057,930	68,972
1058,236	70,880
1058,542	51,704
1058,849	39,229
1059,155	9,045
1059,461	5,089
1059,767	25,432
1060,073	46,656
1060,379	23,462
1060,686	-26,283
1060,992	-23,925
1061,298	-16,539
1061,604	-1,863
1061,910	33,454
1062,216	88,968
1062,522	114,520
1062,828	130,581
1063,134	165,512
1063,440	154,001
1063,746	198,355
1064,052	259,034
1064,358	283,067
1064,664	244,231
1064,969	275,247
1065,275	265,775
1065,581	290,699
1065,887	277,487
1066,193	241,671
1066,499	181,267
1066,804	205,256
1067,110	128,299
1067,416	76,784
1067,721	-36,105
1068,027	-19,866
1068,333	-45,544
1068,639	-74,590
1068,944	-188,186
1069,250	-153,307
1069,555	-162,778
1069,861	-102,385
1070,167	-177,042
1070,472	-122,692
1070,778	-159,681
1071,083	-87,128
1071,389	-62,070
1071,694	-95,585
1072,000	-117,914
1072,305	-125,375
1072,611	-151,174
1072,916	-117,713
1073,221	-270,007
1073,527	-188,367
1073,832	-151,157
1074,137	-132,931
1074,443	-185,558
1074,748	-239,545
1075,053	-240,202
1075,359	-161,468
1075,664	-163,417
1075,969	-166,327
1076,274	-170,389
1076,580	-35,592
1076,885	-7,272
1077,190	-2,560
1077,495	13,579
1077,800	87,111
1078,105	58,908
1078,410	49,770
1078,715	-11,697
1079,021	-15,817
1079,326	-115,824
1079,631	-83,126
1079,936	-96,770
1080,241	0,687
1080,546	-38,356
1080,851	-7,308
1081,155	-10,526
1081,460	36,487
1081,765	68,734
1082,070	19,930
1082,375	3,307
1082,680	55,231
1082,985	-15,182
1083,290	-90,030
1083,594	-216,128
1083,899	-352,335
1084,204	-429,217
1084,509	-382,470
1084,813	-453,069
1085,118	-488,460
1085,423	-445,068
1085,727	-285,925
1086,032	-297,196
1086,337	-260,168
1086,641	-195,830
1086,946	-232,153
1087,251	-168,886
1087,555	-138,534
1087,860	-135,384
1088,164	-72,333
1088,469	-34,232
1088,773	-19,066
1089,078	-90,365
1089,382	-64,576
1089,687	-88,731
1089,991	-55,302
1090,295	-63,167
1090,600	45,913
1090,904	-31,355
1091,209	-169,776
1091,513	-273,773
1091,817	-273,899
1092,121	-277,236
1092,426	-370,301
1092,730	-337,029
1093,034	-316,078
1093,338	-568,807
1093,643	-749,524
1093,947	-942,773
1094,251	-893,808
1094,555	-989,084
1094,859	-946,012
1095,163	-1154,553
1095,468	-1274,314
1095,772	-1305,240
1096,076	-1381,099
1096,380	-1557,145
1096,684	-1270,601
1096,988	-1167,754
1097,292	-1018,127
1097,596	-1094,560
1097,900	-959,046
1098,204	-991,504
1098,508	-810,948
1098,812	-329,003
1099,115	-1333,737
1099,419	-477,024
1099,723	-1690,268
