177,699	44,453
178,041	40,788
178,383	29,954
178,725	22,306
179,068	5,258
179,410	32,025
179,752	31,634
180,094	29,968
180,436	27,405
180,779	28,694
181,121	31,141
181,463	31,446
181,805	31,533
182,147	32,402
182,489	31,619
182,832	33,531
183,174	30,823
183,516	29,852
183,858	30,432
184,200	33,879
184,542	31,866
184,884	28,867
185,226	28,172
185,568	28,665
185,910	26,984
186,252	25,985
186,595	24,203
186,937	22,683
187,279	24,609
187,621	24,942
187,963	25,739
188,305	27,665
188,647	30,837
188,989	30,736
189,330	31,460
189,672	36,008
190,014	36,211
190,356	38,485
190,698	39,962
191,040	38,833
191,382	39,398
191,724	38,500
192,066	36,544
192,408	36,052
192,750	33,778
193,091	35,776
193,433	35,892
193,775	35,197
194,117	33,749
194,459	36,211
194,801	36,197
195,142	35,458
195,484	35,878
195,826	38,529
196,168	41,788
196,510	41,425
196,851	38,355
197,193	36,472
197,535	37,804
197,877	35,690
198,218	35,327
198,560	37,312
198,902	38,543
199,243	39,398
199,585	40,788
199,927	39,456
200,268	44,525
200,610	44,409
200,952	44,540
201,293	44,540
201,635	46,234
201,977	44,974
202,318	41,816
202,660	39,238
203,001	35,791
203,343	33,430
203,684	31,446
204,026	29,722
204,368	31,924
204,709	34,734
205,051	35,284
205,392	35,559
205,734	36,573
206,075	38,717
206,417	40,455
206,758	42,613
207,100	42,700
207,441	42,671
207,783	41,686
208,124	41,788
208,465	38,398
208,807	41,802
209,148	42,787
209,490	43,497
209,831	45,133
210,173	45,742
210,514	44,091
210,855	43,714
211,197	45,916
211,538	47,712
211,879	46,582
212,221	47,451
212,562	43,250
212,903	45,047
213,245	43,120
213,586	40,643
213,927	39,861
214,268	43,946
214,610	45,525
214,951	45,568
215,292	44,293
215,633	45,307
215,975	45,843
216,316	50,073
216,657	49,580
216,998	49,928
217,340	45,742
217,681	48,016
218,022	48,219
218,363	47,060
218,704	45,481
219,045	47,958
219,386	45,974
219,728	45,206
220,069	41,744
220,410	41,556
220,751	43,757
221,092	47,958
221,433	45,800
221,774	42,990
222,115	45,090
222,456	46,075
222,797	45,336
223,138	44,091
223,479	44,105
223,820	42,903
224,161	42,743
224,502	39,818
224,843	39,064
225,184	41,005
225,525	40,527
225,866	41,686
226,207	39,702
226,548	38,137
226,889	39,267
227,230	36,646
227,571	37,500
227,912	36,414
228,253	36,037
228,593	39,513
228,934	37,500
229,275	39,745
229,616	39,108
229,957	39,774
230,298	40,614
230,638	40,267
230,979	42,758
231,320	43,439
231,661	45,061
232,002	45,611
232,342	42,454
232,683	42,657
233,024	38,775
233,365	35,458
233,705	35,429
234,046	35,139
234,387	38,601
234,727	39,716
235,068	40,962
235,409	40,962
235,749	41,512
236,090	44,293
236,431	43,844
236,771	43,699
237,112	44,815
237,453	45,568
237,793	46,379
238,134	43,902
238,474	44,148
238,815	41,020
239,156	38,804
239,496	39,427
239,837	37,602
240,177	38,195
240,518	41,744
240,858	42,294
241,199	41,990
241,539	42,700
241,880	41,932
242,220	40,194
242,561	39,803
242,901	43,714
243,242	43,569
243,582	42,570
243,923	41,990
244,263	41,223
244,603	37,804
244,944	38,268
245,284	36,834
245,625	37,399
245,965	41,194
246,305	42,541
246,646	39,021
246,986	38,746
247,326	37,457
247,667	39,441
248,007	39,021
248,347	42,454
248,688	41,194
249,028	40,223
249,368	44,366
249,709	42,106
250,049	41,860
250,389	42,410
250,729	42,859
251,070	45,336
251,410	42,077
251,750	40,745
252,090	39,991
252,430	39,427
252,770	39,412
253,111	35,849
253,451	37,833
253,791	36,023
254,131	35,284
254,471	33,662
254,811	29,418
255,151	31,460
255,492	32,112
255,832	34,821
256,172	36,283
256,512	40,643
256,852	41,425
257,192	39,774
257,532	39,644
257,872	39,977
258,212	40,585
258,552	44,829
258,892	42,454
259,232	42,454
259,572	40,455
259,912	43,077
260,252	40,238
260,592	41,295
260,932	40,904
261,272	41,440
261,612	40,774
261,952	42,048
262,292	39,369
262,631	43,728
262,971	44,337
263,311	44,525
263,651	41,730
263,991	39,340
264,331	39,311
264,671	38,500
265,010	36,370
265,350	37,906
265,690	39,485
266,030	42,425
266,370	38,949
266,709	42,266
267,049	40,006
267,389	40,325
267,729	41,816
268,068	38,340
268,408	37,167
268,748	43,540
269,087	42,613
269,427	39,774
269,767	40,947
270,106	45,322
270,446	40,991
270,786	43,120
271,125	45,771
271,465	45,800
271,805	49,334
272,144	49,479
272,484	44,713
272,824	43,193
273,163	43,772
273,503	40,774
273,842	41,367
274,182	41,990
274,521	41,440
274,861	40,238
275,200	41,469
275,540	41,599
275,879	41,252
276,219	44,496
276,558	44,598
276,898	45,930
277,237	46,625
277,577	46,640
277,916	47,277
278,256	49,406
278,595	48,306
278,934	47,060
279,274	43,323
279,613	45,843
279,953	44,018
280,292	45,814
280,631	42,874
280,971	43,381
281,310	38,500
281,649	39,050
281,989	37,602
282,328	34,198
282,667	33,053
283,007	37,573
283,346	37,978
283,685	38,847
284,024	35,009
284,364	37,602
284,703	38,978
285,042	42,410
285,381	41,961
285,721	41,237
286,060	42,599
286,399	44,467
286,738	43,048
287,077	41,005
287,416	41,715
287,756	43,033
288,095	40,194
288,434	39,905
288,773	41,788
289,112	43,207
289,451	46,915
289,790	50,000
290,129	49,508
290,468	47,610
290,807	48,161
291,146	47,784
291,485	51,637
291,825	54,881
292,164	56,533
292,503	56,026
292,842	53,839
293,181	51,058
293,519	48,885
293,858	50,609
294,197	51,144
294,536	51,724
294,875	50,956
295,214	47,306
295,553	45,742
295,892	41,107
296,231	34,965
296,570	34,806
296,909	33,372
297,247	28,621
297,586	27,854
297,925	28,665
298,264	26,984
298,603	27,318
298,942	32,213
299,280	34,256
299,619	33,575
299,958	36,327
300,297	38,529
300,636	38,427
300,974	44,279
301,313	43,511
301,652	43,946
301,990	47,321
302,329	47,741
302,668	47,335
303,007	41,759
303,345	44,105
303,684	43,917
304,023	43,859
304,361	44,004
304,700	44,742
305,038	42,642
305,377	44,409
305,716	42,657
306,054	44,148
306,393	40,426
306,731	44,395
307,070	44,873
307,409	44,655
307,747	45,119
308,086	49,421
308,424	45,988
308,763	48,045
309,101	47,118
309,440	46,075
309,778	43,048
310,117	43,844
310,455	41,425
310,793	41,744
311,132	44,120
311,470	42,642
311,809	37,761
312,147	41,281
312,486	40,904
312,824	41,034
313,162	40,846
313,501	45,872
313,839	49,406
314,177	53,259
314,516	52,520
314,854	49,030
315,192	50,406
315,531	51,550
315,869	49,305
316,207	52,100
316,545	49,464
316,884	52,274
317,222	47,176
317,560	44,250
317,898	40,774
318,237	43,149
318,575	47,871
318,913	47,929
319,251	48,943
319,589	51,231
319,928	46,147
320,266	44,626
320,604	43,048
320,942	45,887
321,280	45,249
321,618	49,305
321,956	48,103
322,294	48,595
322,632	45,032
322,971	47,306
323,309	46,191
323,647	47,596
323,985	50,058
324,323	50,551
324,661	48,378
324,999	49,377
325,337	49,334
325,675	45,553
326,013	43,019
326,351	45,496
326,689	45,220
327,027	46,423
327,365	45,032
327,702	45,235
328,040	45,814
328,378	46,944
328,716	46,973
329,054	46,538
329,392	50,768
329,730	48,899
330,068	51,231
330,405	49,131
330,743	50,580
331,081	53,882
331,419	54,606
331,757	52,897
332,094	52,868
332,432	55,852
332,770	54,983
333,108	53,563
333,445	55,200
333,783	51,420
334,121	52,477
334,459	53,998
334,796	55,099
335,134	56,837
335,472	57,040
335,809	57,778
336,147	51,767
336,485	50,652
336,822	50,377
337,160	52,694
337,498	53,158
337,835	52,231
338,173	49,508
338,510	49,566
338,848	47,770
339,185	46,278
339,523	46,234
339,861	49,493
340,198	52,926
340,536	55,924
340,873	51,173
341,211	52,709
341,548	53,230
341,886	52,810
342,223	50,695
342,561	49,624
342,898	52,260
343,235	51,188
343,573	50,203
343,910	45,191
344,248	44,221
344,585	45,090
344,922	45,496
345,260	45,669
345,597	45,510
345,934	48,450
346,272	48,349
346,609	48,465
346,946	51,738
347,284	55,707
347,621	61,052
347,958	59,096
348,296	62,515
348,633	62,138
348,970	60,400
349,307	59,241
349,645	55,837
349,982	57,300
350,319	56,489
350,656	52,187
350,993	48,262
351,331	46,191
351,668	46,828
352,005	43,337
352,342	43,960
352,679	44,569
353,016	46,973
353,353	48,450
353,691	47,234
354,028	49,638
354,365	51,637
354,702	54,621
355,039	55,316
355,376	56,591
355,713	55,359
356,050	57,242
356,387	57,909
356,724	56,011
357,061	55,461
357,398	57,489
357,735	54,664
358,072	55,548
358,409	54,751
358,746	53,911
359,083	53,766
359,420	57,054
359,757	54,085
360,093	57,633
360,430	60,038
360,767	61,921
361,104	60,197
361,441	58,966
361,778	56,373
362,115	53,462
362,451	53,129
362,788	53,896
363,125	52,187
363,462	50,811
363,799	47,089
364,135	44,322
364,472	47,350
364,809	45,742
365,146	47,871
365,482	50,188
365,819	50,884
366,156	52,796
366,492	50,565
366,829	53,013
367,166	55,533
367,502	54,925
367,839	54,606
368,176	52,173
368,512	53,230
368,849	54,012
369,185	52,796
369,522	53,390
369,859	50,449
370,195	52,463
370,532	50,435
370,868	51,550
371,205	50,927
371,541	54,288
371,878	52,883
372,214	54,056
372,551	51,550
372,887	53,462
373,224	57,807
373,560	57,054
373,897	57,358
374,233	60,168
374,570	59,487
374,906	61,414
375,242	59,183
375,579	60,704
375,915	57,952
376,252	58,836
376,588	59,169
376,924	55,910
377,261	57,909
377,597	59,270
377,933	58,749
378,270	60,183
378,606	59,676
378,942	59,661
379,278	56,692
379,615	58,445
379,951	57,228
380,287	55,779
380,623	54,852
380,960	52,998
381,296	50,884
381,632	49,131
381,968	48,349
382,304	46,625
382,641	49,276
382,977	49,377
383,313	49,957
383,649	52,158
383,985	52,231
384,321	52,752
384,657	53,621
384,993	54,259
385,329	55,852
385,666	54,201
386,002	53,129
386,338	52,926
386,674	52,477
387,010	55,186
387,346	56,750
387,682	56,953
388,018	56,518
388,354	57,344
388,690	56,285
389,026	54,798
389,361	54,545
389,697	56,559
390,033	55,784
390,369	57,653
390,705	55,364
391,041	57,570
391,377	57,596
391,713	58,474
392,049	59,749
392,384	61,744
392,720	58,674
393,056	60,505
393,392	61,539
393,728	61,950
394,063	60,310
394,399	61,117
394,735	59,054
395,071	59,009
395,406	59,104
395,742	57,053
396,078	53,867
396,414	55,165
396,749	53,781
397,085	51,468
397,421	46,874
397,756	46,412
398,092	42,912
398,428	39,138
398,763	37,268
399,099	38,737
399,434	37,264
399,770	37,668
400,106	37,199
400,441	34,577
400,777	35,944
401,112	37,182
401,448	37,301
401,783	37,989
402,119	36,250
402,454	34,194
402,790	31,578
403,125	31,845
403,461	30,530
403,796	27,750
404,132	28,048
404,467	25,992
404,803	24,667
405,138	23,531
405,473	21,367
405,809	21,394
406,144	19,930
406,480	19,475
406,815	17,579
407,150	16,681
407,486	16,325
407,821	14,938
408,156	13,784
408,492	12,911
408,827	11,904
409,162	11,798
409,497	11,381
409,833	10,743
410,168	9,382
410,503	9,545
410,838	8,529
411,174	8,641
411,509	8,356
411,844	8,172
412,179	7,765
412,514	7,855
412,849	7,649
413,185	7,483
413,520	7,457
413,855	7,377
414,190	6,803
414,525	6,969
414,860	6,480
415,195	6,393
415,530	6,221
415,865	6,380
416,200	5,756
416,535	5,347
416,870	4,971
417,205	4,820
417,540	4,629
417,875	4,608
418,210	4,457
418,545	4,408
418,880	4,127
419,215	4,265
419,550	3,890
419,885	4,036
420,220	3,878
420,555	3,914
420,890	4,051
421,225	3,937
421,560	3,941
421,894	3,827
422,229	3,697
422,564	3,770
422,899	3,586
423,234	3,617
423,568	3,483
423,903	3,617
424,238	3,455
424,573	3,439
424,907	3,462
425,242	3,319
425,577	3,330
425,912	3,317
426,246	3,230
426,581	2,973
426,916	2,888
427,250	2,934
427,585	3,045
427,920	3,050
428,254	2,989
428,589	2,918
428,924	2,883
429,258	2,835
429,593	2,851
429,927	2,719
430,262	2,976
430,596	2,958
430,931	2,969
431,265	2,793
431,600	2,705
431,934	2,673
432,269	2,720
432,603	2,636
432,938	2,612
433,272	2,814
433,607	2,873
433,941	2,720
434,276	2,634
434,610	2,487
434,945	2,575
435,279	2,719
435,613	2,624
435,948	2,495
436,282	2,582
436,616	2,583
436,951	2,494
437,285	2,696
437,619	2,681
437,954	2,788
438,288	2,807
438,622	2,694
438,956	2,622
439,291	2,701
439,625	2,944
439,959	2,888
440,293	2,806
440,628	2,820
440,962	2,661
441,296	2,750
441,630	2,859
441,964	2,933
442,298	2,993
442,633	3,067
442,967	3,177
443,301	3,234
443,635	3,197
443,969	3,279
444,303	3,160
444,637	3,191
444,971	3,152
445,305	2,992
445,639	2,960
445,973	3,025
446,307	3,041
446,641	3,001
446,975	2,826
447,309	2,965
447,643	3,015
447,977	3,311
448,311	3,252
448,645	3,152
448,979	3,273
449,313	3,334
449,647	3,238
449,981	3,302
450,314	3,240
450,648	3,273
450,982	3,102
451,316	3,001
451,650	2,959
451,984	3,032
452,317	3,185
452,651	3,103
452,985	3,038
453,319	2,989
453,652	2,858
453,986	2,689
454,320	2,807
454,654	2,934
454,987	2,944
455,321	2,859
455,655	2,905
455,988	2,892
456,322	2,860
456,656	3,048
456,989	3,082
457,323	2,937
457,657	2,969
457,990	2,823
458,324	2,996
458,657	2,966
458,991	2,786
459,324	2,758
459,658	2,696
459,991	2,758
460,325	2,657
460,658	2,637
460,992	2,844
461,325	3,003
461,659	2,769
461,992	2,557
462,326	2,599
462,659	2,526
462,993	2,493
463,326	2,545
463,659	2,483
463,993	2,557
464,326	2,608
464,660	2,535
464,993	2,476
465,326	2,822
465,660	2,978
465,993	2,941
466,326	2,921
466,660	2,826
466,993	2,928
467,326	3,099
467,659	3,038
467,993	2,980
468,326	2,925
468,659	2,965
468,992	2,874
469,325	2,715
469,659	2,656
469,992	2,778
470,325	2,885
470,658	2,750
470,991	2,611
471,324	2,462
471,657	2,416
471,991	2,550
472,324	2,433
472,657	2,365
472,990	2,349
473,323	2,399
473,656	2,385
473,989	2,328
474,322	2,186
474,655	2,126
474,988	2,095
475,321	2,214
475,654	2,133
475,987	2,216
476,320	2,259
476,653	2,241
476,986	2,205
477,319	2,266
477,651	2,283
477,984	2,378
478,317	2,397
478,650	2,503
478,983	2,406
479,316	2,297
479,649	2,302
479,981	2,143
480,314	2,210
480,647	2,174
480,980	2,134
481,313	2,127
481,645	2,105
481,978	2,066
482,311	2,065
482,644	2,142
482,976	2,242
483,309	2,145
483,642	2,172
483,974	2,149
484,307	2,152
484,640	2,123
484,972	2,107
485,305	2,034
485,637	2,115
485,970	1,988
486,303	1,923
486,635	1,871
486,968	1,946
487,300	2,053
487,633	1,977
487,965	1,974
488,298	2,016
488,630	1,824
488,963	1,864
489,295	1,879
489,628	2,003
489,960	2,016
490,293	2,023
490,625	1,993
490,958	1,873
491,290	1,953
491,622	2,019
491,955	1,937
492,287	2,049
492,620	2,134
492,952	2,060
493,284	1,960
493,617	1,957
493,949	2,015
494,281	1,975
494,613	2,023
494,946	1,969
495,278	1,935
495,610	1,885
495,943	1,902
496,275	1,881
496,607	1,864
496,939	1,817
497,271	1,870
497,604	1,804
497,936	1,888
498,268	1,907
498,600	1,887
498,932	1,843
499,264	1,936
499,596	1,885
499,928	1,833
500,261	1,854
500,593	1,919
500,925	1,697
501,257	1,826
501,589	2,007
501,921	2,049
502,253	2,004
502,585	2,073
502,917	2,081
503,249	2,190
503,581	2,181
503,913	2,205
504,245	2,174
504,576	2,252
504,908	2,145
505,240	1,898
505,572	1,865
505,904	1,969
506,236	1,897
506,568	1,927
506,900	1,926
507,231	2,064
507,563	2,051
507,895	2,061
508,227	2,167
508,559	2,166
508,890	2,077
509,222	2,011
509,554	2,025
509,886	2,068
510,217	2,020
510,549	2,041
510,881	1,943
511,212	2,002
511,544	2,109
511,876	2,111
512,207	2,074
512,539	2,105
512,871	2,190
513,202	2,157
513,534	2,210
513,865	2,197
514,197	2,175
514,529	2,105
514,860	2,034
515,192	1,961
515,523	1,924
515,855	1,862
516,186	1,896
516,518	1,911
516,849	1,822
517,181	1,806
517,512	1,759
517,843	1,700
518,175	1,743
518,506	1,791
518,838	1,683
519,169	1,607
519,500	1,761
519,832	1,824
520,163	1,749
520,494	2,013
520,826	1,898
521,157	1,955
521,488	1,933
521,820	1,941
522,151	1,876
522,482	2,009
522,813	2,064
523,145	2,011
523,476	1,948
523,807	1,902
524,138	1,710
524,470	1,794
524,801	1,844
525,132	1,898
525,463	1,911
525,794	1,973
526,125	1,940
526,456	2,017
526,787	1,972
527,119	1,882
527,450	1,954
527,781	1,946
528,112	1,887
528,443	1,749
528,774	1,650
529,105	1,743
529,436	1,672
529,767	1,620
530,098	1,630
530,429	1,638
530,760	1,777
531,091	1,774
531,422	1,797
531,753	1,832
532,083	1,877
532,414	2,040
532,745	1,946
533,076	2,006
533,407	2,037
533,738	1,977
534,069	2,006
534,399	2,001
534,730	2,017
535,061	2,011
535,392	2,069
535,723	2,044
536,053	1,953
536,384	1,890
536,715	1,808
537,045	1,728
537,376	1,700
537,707	1,622
538,038	1,619
538,368	1,615
538,699	1,605
539,029	1,496
539,360	1,518
539,691	1,583
540,021	1,650
540,352	1,814
540,683	1,937
541,013	1,921
541,344	1,946
541,674	1,879
542,005	1,843
542,335	1,923
542,666	2,056
542,996	2,167
543,327	2,088
543,657	2,071
543,988	1,993
544,318	2,049
544,648	2,167
544,979	2,186
545,309	2,161
545,640	2,191
545,970	2,153
546,300	2,033
546,631	1,942
546,961	2,048
547,291	2,015
547,622	2,046
547,952	2,015
548,282	2,016
548,613	2,148
548,943	2,180
549,273	2,287
549,603	2,218
549,934	2,326
550,264	2,311
550,594	2,319
550,924	2,306
551,254	2,271
551,585	2,183
551,915	2,250
552,245	2,251
552,575	2,289
552,905	2,120
553,235	2,082
553,565	2,023
553,895	2,126
554,225	2,064
554,555	2,100
554,886	2,056
555,216	2,081
555,546	1,990
555,876	1,855
556,206	1,840
556,536	1,921
556,865	2,021
557,195	2,073
557,525	1,970
557,855	1,956
558,185	1,987
558,515	2,012
558,845	2,024
559,175	1,944
559,505	2,005
559,835	2,034
560,164	2,096
560,494	2,110
560,824	2,043
561,154	2,159
561,484	2,164
561,813	2,148
562,143	2,247
562,473	2,289
562,803	2,245
563,132	2,259
563,462	2,362
563,792	2,315
564,121	2,204
564,451	2,176
564,781	2,148
565,110	2,104
565,440	2,120
565,770	2,138
566,099	2,218
566,429	2,405
566,758	2,316
567,088	2,335
567,418	2,335
567,747	2,456
568,077	2,483
568,406	2,490
568,736	2,486
569,065	2,567
569,395	2,459
569,724	2,490
570,054	2,384
570,383	2,429
570,712	2,301
571,042	2,256
571,371	2,229
571,701	2,216
572,030	2,211
572,359	2,203
572,689	2,120
573,018	2,102
573,347	2,134
573,677	2,127
574,006	2,122
574,335	2,227
574,665	2,303
574,994	2,314
575,323	2,384
575,652	2,321
575,982	2,366
576,311	2,282
576,640	2,370
576,969	2,264
577,298	2,339
577,627	2,347
577,957	2,280
578,286	2,153
578,615	2,310
578,944	2,408
579,273	2,546
579,602	2,651
579,931	2,854
580,260	2,861
580,589	2,921
580,918	2,904
581,247	2,966
581,576	3,067
581,905	3,153
582,234	3,126
582,563	3,126
582,892	3,003
583,221	2,911
583,550	2,873
583,879	2,901
584,208	2,815
584,537	2,980
584,866	3,038
585,195	2,941
585,523	2,882
585,852	2,747
586,181	2,582
586,510	2,817
586,839	2,848
587,167	2,740
587,496	2,766
587,825	2,844
588,154	2,874
588,482	2,916
588,811	3,009
589,140	3,227
589,469	3,249
589,797	3,469
590,126	3,357
590,455	3,334
590,783	3,465
591,112	3,429
591,440	3,309
591,769	3,235
592,098	3,167
592,426	3,085
592,755	3,080
593,083	3,119
593,412	3,034
593,740	2,928
594,069	3,124
594,397	3,077
594,726	3,110
595,054	3,248
595,383	3,333
595,711	3,480
596,040	3,487
596,368	3,495
596,697	3,654
597,025	3,713
597,353	3,876
597,682	3,715
598,010	3,765
598,338	3,695
598,667	3,734
598,995	3,592
599,323	3,467
599,652	3,556
599,980	3,513
600,308	3,437
600,636	3,567
600,965	3,441
601,293	3,529
601,621	3,599
601,949	3,709
602,278	3,882
602,606	4,031
602,934	4,141
603,262	4,258
603,590	4,368
603,918	4,334
604,246	4,208
604,574	4,391
604,903	4,494
605,231	4,417
605,559	4,436
605,887	4,114
606,215	3,963
606,543	3,953
606,871	3,886
607,199	3,897
607,527	4,006
607,855	3,925
608,183	3,809
608,511	3,825
608,839	3,999
609,166	4,181
609,494	4,597
609,822	5,054
610,150	5,399
610,478	5,615
610,806	5,456
611,134	5,395
611,461	5,581
611,789	5,758
612,117	5,681
612,445	5,636
612,773	5,458
613,100	5,089
613,428	4,688
613,756	4,285
614,084	4,110
614,411	4,212
614,739	4,379
615,067	4,465
615,394	4,423
615,722	4,682
616,050	4,786
616,377	4,769
616,705	5,116
617,032	5,390
617,360	5,593
617,687	5,764
618,015	5,932
618,343	6,027
618,670	6,137
618,998	6,555
619,325	7,039
619,653	7,734
619,980	8,565
620,308	8,868
620,635	9,151
620,962	9,606
621,290	10,705
621,617	12,593
621,945	14,950
622,272	17,919
622,599	20,394
622,927	22,606
623,254	24,159
623,581	25,042
623,909	26,330
624,236	28,868
624,563	32,754
624,891	37,243
625,218	41,927
625,545	45,916
625,872	49,305
626,200	58,315
626,527	80,375
626,854	118,982
627,181	181,520
627,508	269,644
627,836	360,502
628,163	430,177
628,490	475,275
628,817	514,999
629,144	575,201
629,471	677,204
629,798	788,185
630,125	867,748
630,452	909,425
630,779	903,625
631,106	848,128
631,433	770,302
631,760	704,914
632,087	662,212
632,414	627,232
632,741	576,279
633,068	485,722
633,395	377,197
633,722	281,694
634,049	208,101
634,376	162,818
634,703	151,034
635,030	165,462
635,356	186,547
635,683	203,484
636,010	207,737
636,337	201,947
636,664	194,154
636,991	193,744
637,317	206,644
637,644	227,484
637,971	245,985
638,298	249,709
638,624	235,769
638,951	214,572
639,278	196,560
639,604	193,658
639,931	205,686
640,258	226,717
640,584	245,177
640,911	248,111
641,237	236,019
641,564	217,424
641,891	207,903
642,217	220,166
642,544	259,560
642,870	312,609
643,197	368,524
643,523	408,274
643,850	424,623
644,176	424,219
644,503	420,149
644,829	422,530
645,156	436,672
645,482	458,010
645,809	477,403
646,135	473,030
646,461	440,193
646,788	386,728
647,114	337,829
647,440	315,658
647,767	332,865
648,093	385,309
648,419	449,643
648,746	509,124
649,072	534,249
649,398	532,785
649,725	526,485
650,051	541,610
650,377	586,969
650,703	661,175
651,029	747,976
651,356	809,546
651,682	821,807
652,008	806,672
652,334	763,957
652,660	724,401
652,986	697,062
653,312	683,892
653,639	679,952
653,965	668,918
654,291	633,774
654,617	561,088
654,943	473,231
655,269	401,271
655,595	345,500
655,921	328,748
656,247	352,672
656,573	396,648
656,899	446,456
657,225	486,442
657,551	500,916
657,877	495,381
658,202	483,984
658,528	481,320
658,854	490,058
659,180	509,534
659,506	530,225
659,832	546,745
660,158	548,324
660,483	522,216
660,809	474,640
661,135	428,596
661,461	396,512
661,787	387,325
662,112	396,024
662,438	411,672
662,764	415,018
663,089	398,252
663,415	356,802
663,741	303,431
664,066	264,220
664,392	250,170
664,718	267,430
665,043	313,717
665,369	381,686
665,695	455,828
666,020	520,713
666,346	559,435
666,671	572,668
666,997	574,901
667,322	579,493
667,648	588,948
667,973	601,080
668,299	612,098
668,624	606,960
668,950	573,465
669,275	509,771
669,601	432,570
669,926	373,765
670,251	345,680
670,577	346,532
670,902	373,534
671,228	409,844
671,553	440,288
671,878	456,407
672,203	453,344
672,529	435,994
672,854	417,323
673,179	410,430
673,505	426,033
673,830	464,595
674,155	520,973
674,480	577,681
674,806	626,491
675,131	655,035
675,456	654,761
675,781	644,671
676,106	635,680
676,431	638,358
676,756	649,697
677,082	658,973
677,407	656,152
677,732	629,129
678,057	580,665
678,382	513,160
678,707	445,751
679,032	402,986
679,357	398,634
679,682	437,340
680,007	513,461
680,332	632,700
680,657	746,403
680,982	854,645
681,307	907,829
681,632	924,649
681,957	935,389
682,281	951,240
682,606	981,463
682,931	1027,956
683,256	1089,592
683,581	1154,197
683,906	1186,501
684,231	1191,879
684,555	1167,107
684,880	1155,570
685,205	1150,734
685,530	1154,747
685,854	1171,002
686,179	1192,128
686,504	1197,143
686,829	1174,863
687,153	1118,036
687,478	1032,512
687,803	937,926
688,127	840,828
688,452	773,984
688,776	756,931
689,101	790,991
689,426	867,171
689,750	960,025
690,075	1055,983
690,399	1141,025
690,724	1215,972
691,048	1278,130
691,373	1324,820
691,697	1355,743
692,022	1371,834
692,346	1377,530
692,671	1372,020
692,995	1354,660
693,320	1318,731
693,644	1270,035
693,968	1221,534
694,293	1166,341
694,617	1113,271
694,941	1096,037
695,266	1133,898
695,590	1211,325
695,914	1292,239
696,239	1376,346
696,563	1452,969
696,887	1508,362
697,211	1509,951
697,536	1460,693
697,860	1392,131
698,184	1336,556
698,508	1319,523
698,832	1358,738
699,157	1467,216
699,481	1638,136
699,805	1838,070
700,129	2001,499
700,453	2137,933
700,777	2280,619
701,101	2396,180
701,425	2477,465
701,749	2520,962
702,074	2523,644
702,398	2477,777
702,722	2391,733
703,046	2276,904
703,370	2112,582
703,693	1947,477
704,017	1779,178
704,341	1637,980
704,665	1562,310
704,989	1551,936
705,313	1630,218
705,637	1753,326
705,961	1879,737
706,285	2006,285
706,609	2108,255
706,932	2183,327
707,256	2231,188
707,580	2241,371
707,904	2198,014
708,228	2141,983
708,551	2101,587
708,875	2062,149
709,199	2077,175
709,523	2145,572
709,846	2174,514
710,170	2178,377
710,494	2205,146
710,817	2242,184
711,141	2304,171
711,465	2373,182
711,788	2432,911
712,112	2471,335
712,435	2517,056
712,759	2541,036
713,083	2507,788
713,406	2454,726
713,730	2372,512
714,053	2229,787
714,377	2071,554
714,700	1946,083
715,024	1883,560
715,347	1899,228
715,671	2001,436
715,994	2113,539
716,317	2202,004
716,641	2276,211
716,964	2350,857
717,288	2519,998
717,611	2689,284
717,934	2802,245
718,258	2843,944
718,581	2837,060
718,904	2786,016
719,228	2687,587
719,551	2565,462
719,874	2429,462
720,197	2306,558
720,521	2233,145
720,844	2114,507
721,167	2042,295
721,490	2036,797
721,813	2074,617
722,137	2134,008
722,460	2193,497
722,783	2232,743
723,106	2244,056
723,429	2229,086
723,752	2183,015
724,075	2080,456
724,398	1921,009
724,721	1738,346
725,044	1578,791
725,367	1473,257
725,690	1427,362
726,013	1438,033
726,336	1514,012
726,659	1632,117
726,982	1797,722
727,305	2010,787
727,628	2234,641
727,951	2456,012
728,274	2624,570
728,597	2734,151
728,920	2789,000
729,243	2791,999
729,565	2731,282
729,888	2614,385
730,211	2496,080
730,534	2381,229
730,857	2243,680
731,179	2112,476
731,502	2009,131
731,825	1954,611
732,148	1954,622
732,470	2001,323
732,793	2062,477
733,116	2143,706
733,438	2250,830
733,761	2338,585
734,084	2425,916
734,406	2487,307
734,729	2525,437
735,051	2521,413
735,374	2512,141
735,697	2484,755
736,019	2423,816
736,342	2365,314
736,664	2327,993
736,987	2302,192
737,309	2289,681
737,632	2255,596
737,954	2295,529
738,277	2438,405
738,599	2663,307
738,921	2894,085
739,244	3122,398
739,566	3283,131
739,889	3413,055
740,211	3480,760
740,533	3492,775
740,856	3467,616
741,178	3423,194
741,500	3335,128
741,823	3158,413
742,145	2966,040
742,467	2785,907
742,789	2633,908
743,112	2587,233
743,434	2555,012
743,756	2565,131
744,078	2608,052
744,400	2705,209
744,723	2861,964
745,045	3148,067
745,367	3528,554
745,689	3893,393
746,011	4255,928
746,333	4601,733
746,655	4772,280
746,977	4849,763
747,299	4847,975
747,621	4786,046
747,943	4676,055
748,265	4526,657
748,587	4320,191
748,909	4153,259
749,231	4092,201
749,553	4193,659
749,875	4394,930
750,197	4653,309
750,519	4926,041
750,841	5168,335
751,163	5366,092
751,485	5519,211
751,807	5649,991
752,128	5722,861
752,450	5708,379
752,772	5616,191
753,094	5382,119
753,416	5131,776
753,737	5063,726
754,059	5039,073
754,381	5014,987
754,702	4979,019
755,024	4906,972
755,346	4826,636
755,668	4821,465
755,989	4991,668
756,311	5412,970
756,632	5950,416
756,954	6447,371
757,276	6941,477
757,597	7490,808
757,919	8153,682
758,240	8560,483
758,562	8826,432
758,883	8962,822
759,205	8938,073
759,526	8657,247
759,848	8093,211
760,169	7515,151
760,491	7054,407
760,812	6657,215
761,134	6389,606
761,455	6031,260
761,777	5941,579
762,098	5966,830
762,419	6025,201
762,741	6086,058
763,062	6231,392
763,383	6479,470
763,705	6686,491
764,026	6722,691
764,347	6597,469
764,668	6337,170
764,990	6122,852
765,311	5937,713
765,632	5777,697
765,953	5589,666
766,275	5348,221
766,596	4998,887
766,917	4523,898
767,238	4039,751
767,559	3736,597
767,880	3668,824
768,201	3775,461
768,522	3983,790
768,844	4181,267
769,165	4417,244
769,486	4681,664
769,807	4898,811
770,128	5089,277
770,449	5206,718
770,770	5229,707
771,091	5085,950
771,412	4749,106
771,733	4256,782
772,053	3741,258
772,374	3330,410
772,695	2988,181
773,016	2762,328
773,337	2649,854
773,658	2568,546
773,979	2527,203
774,300	2515,883
774,620	2521,082
774,941	2546,528
775,262	2616,361
775,583	2709,472
775,903	2808,532
776,224	2889,172
776,545	2951,454
776,866	3009,580
777,186	3048,626
777,507	3101,962
777,828	3191,362
778,148	3224,421
778,469	3182,303
778,789	3054,490
779,110	2851,710
779,431	2622,991
779,751	2416,978
780,072	2280,365
780,392	2270,673
780,713	2407,974
781,033	2627,685
781,354	2801,177
781,674	3012,042
781,995	3273,964
782,315	3567,973
782,636	3829,035
782,956	4029,215
783,277	4144,323
783,597	4111,017
783,917	3951,353
784,238	3718,349
784,558	3470,504
784,878	3288,763
785,199	3182,945
785,519	3129,793
785,839	3063,050
786,160	2988,070
786,480	2895,503
786,800	2795,707
787,120	2772,024
787,441	2794,850
787,761	2861,681
788,081	2982,450
788,401	3147,721
788,721	3352,756
789,041	3654,917
789,362	3996,715
789,682	4369,739
790,002	4757,095
790,322	5114,932
790,642	5334,855
790,962	5429,652
791,282	5375,989
791,602	5187,652
791,922	4901,238
792,242	4562,645
792,562	4183,939
792,882	3911,044
793,202	3780,739
793,522	3823,540
793,842	4023,004
794,162	4276,812
794,482	4549,092
794,801	4897,358
795,121	5315,144
795,441	5753,688
795,761	6139,860
796,081	6430,961
796,401	6615,174
796,720	6645,041
797,040	6507,761
797,360	6319,520
797,680	6283,514
797,999	6382,318
798,319	6477,562
798,639	6410,346
798,959	6192,816
799,278	5945,078
799,598	5695,959
799,917	5463,670
800,237	5318,851
800,557	5377,708
800,876	5601,790
801,196	5915,031
801,515	6457,841
801,835	7166,184
802,155	8050,703
802,474	9048,664
802,794	10069,993
803,113	10990,886
803,432	11664,202
803,752	12131,841
804,071	12295,094
804,391	12012,455
804,710	11483,620
805,030	10642,622
805,349	9702,446
805,668	8889,580
805,988	8322,088
806,307	7916,731
806,626	7605,119
806,946	7472,162
807,265	7402,297
807,584	7382,838
807,904	7647,246
808,223	7949,657
808,542	8227,071
808,861	8394,909
809,180	8371,209
809,500	8146,731
809,819	7797,307
810,138	7451,860
810,457	7237,280
810,776	7210,576
811,095	7261,579
811,414	7208,526
811,733	7053,305
812,053	6786,614
812,372	6485,116
812,691	6173,285
813,010	5832,958
813,329	5482,313
813,648	5177,997
813,967	4884,868
814,286	4590,587
814,605	4392,506
814,923	4350,704
815,242	4492,580
815,561	4803,372
815,880	5183,947
816,199	5695,022
816,518	6249,200
816,837	6712,178
817,156	7026,203
817,474	7145,578
817,793	7072,099
818,112	6849,926
818,431	6486,853
818,749	6086,432
819,068	5726,294
819,387	5468,048
819,706	5217,110
820,024	4997,138
820,343	4864,451
820,662	4805,335
820,980	4834,724
821,299	4944,203
821,618	5104,915
821,936	5322,084
822,255	5475,212
822,573	5540,928
822,892	5542,179
823,210	5482,882
823,529	5380,191
823,847	5337,647
824,166	5478,642
824,484	5719,527
824,803	5994,716
825,121	6235,862
825,440	6347,156
825,758	6377,684
826,077	6305,065
826,395	6138,573
826,713	5871,311
827,032	5565,100
827,350	5230,787
827,668	4805,134
827,987	4379,119
828,305	4032,481
828,623	3766,090
828,941	3691,743
829,260	3772,375
829,578	4005,370
829,896	4316,588
830,214	4665,601
830,533	5056,068
830,851	5408,280
831,169	5614,001
831,487	5654,051
831,805	5521,304
832,123	5289,646
832,441	4976,143
832,759	4655,483
833,078	4348,463
833,396	4058,789
833,714	3822,427
834,032	3605,094
834,350	3409,687
834,668	3312,789
834,986	3261,605
835,304	3260,526
835,621	3291,629
835,939	3348,262
836,257	3397,830
836,575	3416,173
836,893	3399,893
837,211	3381,853
837,529	3386,150
837,847	3456,841
838,164	3651,135
838,482	3964,050
838,800	4464,053
839,118	4986,831
839,436	5350,901
839,753	5626,448
840,071	5739,734
840,389	5782,852
840,706	5768,969
841,024	5649,744
841,342	5420,997
841,659	5077,668
841,977	4689,809
842,295	4184,612
842,612	3776,705
842,930	3606,365
843,248	3614,690
843,565	3889,344
843,883	4361,064
844,200	4902,526
844,518	5491,951
844,835	6037,004
845,153	6398,638
845,470	6558,340
845,788	6593,922
846,105	6504,042
846,422	6304,383
846,740	6040,084
847,057	5745,817
847,375	5430,682
847,692	5038,330
848,009	4619,833
848,327	4303,295
848,644	4159,189
848,961	4157,010
849,279	4233,151
849,596	4324,789
849,913	4355,011
850,230	4310,805
850,548	4168,021
850,865	3902,627
851,182	3682,966
851,499	3527,704
851,816	3444,959
852,133	3450,356
852,451	3568,572
852,768	3740,421
853,085	3976,631
853,402	4266,943
853,719	4619,546
854,036	4961,320
854,353	5295,610
854,670	5547,966
854,987	5651,050
855,304	5601,607
855,621	5404,989
855,938	5083,276
856,255	4702,783
856,572	4274,872
856,889	3872,115
857,206	3481,926
857,522	3195,963
857,839	3056,864
858,156	3119,576
858,473	3340,861
858,790	3573,196
859,107	3845,576
859,423	4132,858
859,740	4378,025
860,057	4551,104
860,374	4671,898
860,690	4694,834
861,007	4620,779
861,324	4431,300
861,640	4143,177
861,957	3841,374
862,274	3623,134
862,590	3413,448
862,907	3201,871
863,224	3045,058
863,540	2982,479
863,857	2947,355
864,173	2948,616
864,490	2998,269
864,806	3046,237
865,123	3017,310
865,439	2867,613
865,756	2670,955
866,072	2505,574
866,389	2380,048
866,705	2289,951
867,022	2233,095
867,338	2273,484
867,654	2396,572
867,971	2565,584
868,287	2799,932
868,603	3064,958
868,920	3380,486
869,236	3669,265
869,552	3921,519
869,869	4111,526
870,185	4210,142
870,501	4189,022
870,817	4044,827
871,134	3817,107
871,450	3512,813
871,766	3145,931
872,082	2807,861
872,398	2503,112
872,714	2248,843
873,031	2046,773
873,347	1931,012
873,663	1931,062
873,979	2061,291
874,295	2265,499
874,611	2495,531
874,927	2697,707
875,243	2827,917
875,559	2905,836
875,875	2972,175
876,191	3038,934
876,507	3097,758
876,823	3125,376
877,139	3095,707
877,455	3017,060
877,770	2895,465
878,086	2739,911
878,402	2625,563
878,718	2591,876
879,034	2589,291
879,350	2594,947
879,665	2607,069
879,981	2573,089
880,297	2492,687
880,613	2383,172
880,928	2228,585
881,244	2066,646
881,560	1917,373
881,875	1763,854
882,191	1620,749
882,507	1542,477
882,822	1518,156
883,138	1547,348
883,454	1676,788
883,769	1889,085
884,085	2127,614
884,400	2400,175
884,716	2674,084
885,031	2944,661
885,347	3205,603
885,662	3414,619
885,978	3502,580
886,293	3487,251
886,609	3394,717
886,924	3204,455
887,240	2933,888
887,555	2635,038
887,870	2330,348
888,186	2064,570
888,501	1841,554
888,816	1655,975
889,132	1548,317
889,447	1537,396
889,762	1603,534
890,078	1657,816
890,393	1712,821
890,708	1768,318
891,023	1827,406
891,338	1872,002
891,654	1895,291
891,969	1878,760
892,284	1825,255
892,599	1731,912
892,914	1612,364
893,229	1479,322
893,544	1392,452
893,860	1353,223
894,175	1345,324
894,490	1365,893
894,805	1422,382
895,120	1507,089
895,435	1605,704
895,750	1696,358
896,065	1757,660
896,380	1794,139
896,694	1799,253
897,009	1747,631
897,324	1654,195
897,639	1551,675
897,954	1438,060
898,269	1330,801
898,584	1237,383
898,899	1178,785
899,213	1177,714
899,528	1269,214
899,843	1408,302
900,158	1565,243
900,472	1752,516
900,787	1948,068
901,102	2150,748
901,417	2354,763
901,731	2559,015
902,046	2721,693
902,361	2816,027
902,675	2832,450
902,990	2751,839
903,304	2637,780
903,619	2499,763
903,934	2348,741
904,248	2200,647
904,563	2054,078
904,877	1907,161
905,192	1766,269
905,506	1667,365
905,821	1623,864
906,135	1620,520
906,450	1671,862
906,764	1727,486
907,078	1773,153
907,393	1811,308
907,707	1853,561
908,022	1882,956
908,336	1909,584
908,650	1913,420
908,965	1908,979
909,279	1895,679
909,593	1876,661
909,907	1832,183
910,222	1804,387
910,536	1823,014
910,850	1858,626
911,164	1893,119
911,478	1981,454
911,793	2077,111
912,107	2160,315
912,421	2198,668
912,735	2189,515
913,049	2158,031
913,363	2091,087
913,677	1977,870
913,991	1850,514
914,305	1724,932
914,619	1593,882
914,933	1423,196
915,247	1252,391
915,561	1102,263
915,875	991,742
916,189	948,683
916,503	968,115
916,817	1051,522
917,131	1176,308
917,445	1293,423
917,759	1399,895
918,073	1517,229
918,386	1641,096
918,700	1761,564
919,014	1848,413
919,328	1918,911
919,642	1951,735
919,955	1911,691
920,269	1793,439
920,583	1642,465
920,896	1501,739
921,210	1387,638
921,524	1281,536
921,837	1181,271
922,151	1089,437
922,465	1022,457
922,778	942,872
923,092	857,808
923,406	803,433
923,719	788,992
924,033	788,195
924,346	784,573
924,660	779,930
924,973	755,996
925,287	713,649
925,600	658,460
925,914	598,410
926,227	549,294
926,540	518,880
926,854	490,789
927,167	467,651
927,480	460,991
927,794	478,931
928,107	509,747
928,420	558,865
928,734	623,053
929,047	686,651
929,360	750,269
929,674	804,003
929,987	843,867
930,300	885,187
930,613	914,388
930,926	915,525
931,240	888,963
931,553	847,529
931,866	789,530
932,179	712,891
932,492	634,170
932,805	560,185
933,118	498,222
933,431	457,939
933,744	432,631
934,057	427,314
934,370	464,763
934,683	532,523
934,996	603,214
935,309	679,514
935,622	761,612
935,935	848,507
936,248	932,472
936,561	1000,736
936,874	1051,661
937,187	1067,158
937,500	1067,111
937,812	1028,472
938,125	972,242
938,438	920,291
938,751	867,453
939,064	828,286
939,376	794,698
939,689	753,893
940,002	726,682
940,314	714,252
940,627	743,185
940,940	788,824
941,252	849,737
941,565	907,276
941,878	941,295
942,190	971,676
942,503	985,180
942,815	991,189
943,128	994,598
943,440	983,969
943,753	959,672
944,065	922,505
944,378	884,090
944,690	853,101
945,003	842,884
945,315	865,389
945,628	909,240
945,940	994,650
946,253	1121,481
946,565	1306,132
946,877	1560,731
947,190	1849,026
947,502	2113,485
947,814	2337,559
948,126	2506,097
948,439	2645,219
948,751	2743,655
949,063	2778,854
949,375	2754,599
949,688	2679,492
950,000	2541,662
950,312	2359,703
950,624	2135,668
950,936	1904,134
951,248	1694,463
951,561	1540,210
951,873	1419,244
952,185	1337,691
952,497	1334,552
952,809	1377,337
953,121	1446,023
953,433	1536,461
953,745	1593,039
954,057	1639,354
954,369	1767,310
954,681	1943,052
954,993	2136,185
955,305	2341,145
955,616	2555,813
955,928	2697,524
956,240	2799,205
956,552	2836,800
956,864	2833,958
957,176	2867,966
957,487	2944,956
957,799	2977,401
958,111	2928,987
958,423	2845,136
958,734	2740,170
959,046	2611,512
959,358	2550,506
959,670	2473,284
959,981	2408,183
960,293	2345,249
960,605	2246,621
960,916	2115,748
961,228	1984,530
961,539	1897,575
961,851	1819,927
962,162	1734,138
962,474	1654,679
962,785	1539,623
963,097	1457,919
963,408	1405,833
963,720	1385,961
964,031	1433,438
964,343	1506,797
964,654	1575,870
964,966	1660,363
965,277	1818,244
965,588	2036,503
965,900	2248,936
966,211	2429,915
966,522	2548,520
966,834	2606,913
967,145	2637,199
967,456	2607,547
967,767	2554,717
968,079	2500,146
968,390	2414,576
968,701	2250,730
969,012	2012,668
969,323	1758,557
969,635	1538,289
969,946	1378,656
970,257	1276,041
970,568	1188,009
970,879	1105,213
971,190	1016,574
971,501	921,776
971,812	844,645
972,123	778,045
972,434	737,906
972,745	718,810
973,056	708,508
973,367	710,341
973,678	725,267
973,989	748,307
974,300	775,638
974,611	809,613
974,922	843,122
975,232	868,192
975,543	884,195
975,854	896,585
976,165	908,417
976,476	902,017
976,786	888,592
977,097	872,610
977,408	865,594
977,719	858,645
978,029	850,482
978,340	847,274
978,651	846,600
978,961	835,303
979,272	806,731
979,583	767,498
979,893	739,653
980,204	709,010
980,514	675,824
980,825	632,730
981,135	587,117
981,446	541,213
981,756	494,875
982,067	451,458
982,377	421,417
982,688	405,048
982,998	398,489
983,309	410,768
983,619	424,983
983,929	455,078
984,240	487,129
984,550	536,873
984,860	613,152
985,171	712,341
985,481	821,014
985,791	923,840
986,102	1012,593
986,412	1074,346
986,722	1125,359
987,032	1169,571
987,343	1177,748
987,653	1171,466
987,963	1153,824
988,273	1111,599
988,583	1026,654
988,893	941,137
989,203	871,039
989,513	811,458
989,824	773,734
990,134	742,364
990,444	699,361
990,754	664,117
991,064	639,943
991,374	617,122
991,684	604,067
991,993	612,705
992,303	613,466
992,613	616,393
992,923	624,916
993,233	656,889
993,543	676,899
993,853	703,355
994,163	744,590
994,472	780,010
994,782	835,450
995,092	887,442
995,402	955,053
995,712	1059,005
996,021	1181,863
996,331	1305,292
996,641	1412,912
996,950	1542,770
997,260	1678,746
997,570	1781,089
997,879	1872,105
998,189	1945,181
998,498	2025,125
998,808	2076,786
999,118	2046,944
999,427	1957,279
999,737	1853,923
1000,046	1763,145
1000,356	1660,032
1000,665	1564,398
1000,975	1504,930
1001,284	1433,410
1001,593	1331,797
1001,903	1212,791
1002,212	1106,383
1002,522	1040,375
1002,831	999,999
1003,140	966,858
1003,450	922,919
1003,759	893,347
1004,068	895,977
1004,378	926,783
1004,687	1003,990
1004,996	1101,465
1005,305	1239,703
1005,614	1389,716
1005,924	1524,214
1006,233	1627,076
1006,542	1736,758
1006,851	1819,955
1007,160	1861,554
1007,469	1884,718
1007,778	1884,545
1008,087	1882,771
1008,396	1903,829
1008,706	1881,577
1009,015	1834,670
1009,324	1808,814
1009,633	1788,929
1009,941	1733,335
1010,250	1682,998
1010,559	1639,038
1010,868	1577,336
1011,177	1495,923
1011,486	1403,020
1011,795	1281,471
1012,104	1164,971
1012,413	1058,793
1012,721	945,986
1013,030	861,093
1013,339	806,788
1013,648	763,587
1013,956	743,903
1014,265	705,554
1014,574	666,482
1014,883	630,132
1015,191	605,743
1015,500	586,510
1015,809	559,575
1016,117	545,365
1016,426	528,812
1016,734	527,766
1017,043	553,291
1017,352	572,071
1017,660	612,247
1017,969	669,114
1018,277	708,354
1018,586	733,849
1018,894	755,310
1019,203	761,291
1019,511	761,134
1019,819	771,160
1020,128	751,061
1020,436	704,463
1020,745	675,242
1021,053	630,893
1021,361	552,120
1021,670	497,547
1021,978	455,447
1022,286	411,570
1022,594	374,588
1022,903	351,232
1023,211	309,784
1023,519	279,878
1023,827	262,491
1024,135	210,785
1024,444	181,495
1024,752	169,844
1025,060	158,666
1025,368	144,934
1025,676	140,410
1025,984	154,361
1026,292	147,890
1026,600	153,629
1026,908	159,857
1027,216	163,600
1027,524	174,553
1027,832	179,570
1028,140	187,359
1028,448	195,714
1028,756	219,326
1029,064	217,519
1029,372	206,473
1029,680	196,357
1029,988	204,924
1030,295	200,442
1030,603	188,822
1030,911	202,738
1031,219	192,684
1031,527	198,452
1031,834	188,640
1032,142	173,148
1032,450	174,919
1032,758	197,429
1033,065	203,112
1033,373	179,896
1033,681	182,962
1033,988	186,390
1034,296	156,569
1034,603	171,048
1034,911	161,462
1035,218	147,060
1035,526	149,176
1035,834	127,276
1036,141	104,524
1036,449	101,612
1036,756	119,675
1037,063	104,792
1037,371	103,543
1037,678	128,686
1037,986	116,307
1038,293	129,798
1038,601	147,165
1038,908	166,761
1039,215	189,598
1039,523	226,759
1039,830	244,722
1040,137	240,238
1040,444	246,780
1040,752	253,024
1041,059	255,326
1041,366	272,170
1041,673	276,811
1041,980	292,952
1042,288	277,858
1042,595	284,652
1042,902	257,639
1043,209	251,347
1043,516	252,192
1043,823	264,761
1044,130	264,019
1044,437	253,627
1044,744	242,887
1045,051	213,248
1045,358	166,546
1045,665	157,940
1045,972	138,654
1046,279	128,779
1046,586	109,409
1046,893	110,284
1047,200	85,483
1047,507	95,438
1047,814	95,929
1048,120	80,414
1048,427	107,642
1048,734	132,849
1049,041	125,393
1049,348	121,116
1049,654	109,806
1049,961	121,630
1050,268	118,242
1050,574	128,414
1050,881	115,544
1051,188	101,517
1051,494	124,205
1051,801	104,696
1052,108	89,132
1052,414	108,734
1052,721	116,446
1053,027	122,674
1053,334	102,263
1053,640	92,204
1053,947	122,536
1054,253	118,899
1054,560	155,077
1054,866	138,726
1055,173	131,453
1055,479	173,131
1055,786	110,522
1056,092	133,619
1056,398	126,353
1056,705	156,698
1057,011	151,459
1057,317	131,245
1057,624	100,786
1057,930	59,851
1058,236	39,647
1058,542	52,849
1058,849	-0,828
1059,155	57,620
1059,461	51,566
1059,767	64,956
1060,073	93,139
1060,379	113,078
1060,686	139,283
1060,992	205,179
1061,298	268,294
1061,604	327,576
1061,910	368,186
1062,216	432,762
1062,522	447,191
1062,828	439,604
1063,134	461,239
1063,440	438,792
1063,746	493,131
1064,052	524,471
1064,358	537,952
1064,664	539,924
1064,969	536,433
1065,275	570,040
1065,581	592,462
1065,887	625,878
1066,193	650,568
1066,499	727,742
1066,804	755,080
1067,110	742,998
1067,416	758,898
1067,721	760,524
1068,027	769,157
1068,333	828,758
1068,639	820,252
1068,944	834,085
1069,250	769,695
1069,555	748,926
1069,861	690,482
1070,167	734,850
1070,472	727,099
1070,778	714,507
1071,083	723,856
1071,389	680,190
1071,694	653,767
1072,000	633,853
1072,305	604,393
1072,611	604,428
1072,916	624,741
1073,221	649,217
1073,527	653,762
1073,832	683,979
1074,137	644,573
1074,443	663,771
1074,748	736,906
1075,053	789,907
1075,359	829,047
1075,664	915,498
1075,969	972,373
1076,274	1075,946
1076,580	1112,731
1076,885	1105,306
1077,190	1132,939
1077,495	1286,115
1077,800	1350,717
1078,105	1402,603
1078,410	1471,853
1078,715	1521,614
1079,021	1559,476
1079,326	1644,902
1079,631	1660,140
1079,936	1631,755
1080,241	1634,083
1080,546	1665,896
1080,851	1593,407
1081,155	1550,895
1081,460	1513,681
1081,765	1375,393
1082,070	1324,774
1082,375	1160,461
1082,680	1028,498
1082,985	833,853
1083,290	814,516
1083,594	699,561
1083,899	609,456
1084,204	602,947
1084,509	513,840
1084,813	451,802
1085,118	435,329
1085,423	470,277
1085,727	516,425
1086,032	592,612
1086,337	727,933
1086,641	759,295
1086,946	941,864
1087,251	970,519
1087,555	988,800
1087,860	1184,144
1088,164	1212,530
1088,469	1217,875
1088,773	1154,723
1089,078	1176,730
1089,382	1189,611
1089,687	1161,194
1089,991	1166,551
1090,295	1100,912
1090,600	1168,901
1090,904	1200,283
1091,209	1004,648
1091,513	976,457
1091,817	931,373
1092,121	873,589
1092,426	912,249
1092,730	755,261
1093,034	684,319
1093,338	607,992
1093,643	604,890
1093,947	470,733
1094,251	164,929
1094,555	195,250
1094,859	125,540
1095,163	41,857
1095,468	-13,444
1095,772	-6,497
1096,076	169,442
1096,380	378,545
1096,684	210,265
1096,988	-34,234
1097,292	-97,038
1097,596	94,265
1097,900	57,480
1098,204	89,848
1098,508	283,150
1098,812	-462,383
1099,115	653,442
1099,419	468,024
1099,723	253,088
